TIME,SUBJECT,COVERED_BRANCHES,TOTAL_BRANCHES,BRANCH_COVERAGE,COVERED_FUNCTIONS,TOTAL_FUNCTIONS,FUNCTION_COVERAGE,COVERED_EXCEPTIONS,COVERED_PROBES,TOTAL_PROBES,PROBE_COVERAGE,COVERED_OBJECTIVES,TOTAL_OBJECTIVES,COVERAGE
0,application.js,0,0,NaN,0,0,NaN,0,0,0,NaN,0,0,NaN
3.6,application.js,17,52,32.69,13,30,50,0,0,17,NaN,118,164,44.53
5.2,application.js,17,52,32.69,13,30,50,0,0,17,NaN,118,164,44.53
5.3,application.js,17,52,32.69,13,30,50,0,0,17,NaN,118,164,44.53
7.1,application.js,32,52,61.54,19,39,73.08,0,0,32,NaN,189,108,44.53
7.2,application.js,32,52,61.54,19,39,73.08,0,0,32,NaN,189,108,71.32
8.4,application.js,32,52,61.54,19,39,73.08,0,0,32,NaN,189,108,71.32
9.7,application.js,32,52,61.54,19,39,73.08,0,0,32,NaN,189,108,71.32
11,application.js,32,52,61.54,19,39,73.08,0,0,32,NaN,189,108,71.32
12.2,application.js,32,52,61.54,19,39,73.08,0,0,32,NaN,189,108,71.32
13.5,application.js,32,52,61.54,19,39,73.08,0,0,32,NaN,189,108,71.32
14.8,application.js,32,52,61.54,19,39,73.08,0,0,32,NaN,189,108,71.32
16,application.js,33,52,63.46,19,40,73.08,0,0,33,NaN,191,107,72.08
17.2,application.js,34,52,65.38,19,41,73.08,0,0,33,NaN,191,107,72.08
17.3,application.js,34,52,65.38,19,41,73.08,0,0,34,NaN,192,107,72.45
18.4,application.js,34,52,65.38,19,41,73.08,0,0,34,NaN,192,107,72.45
18.5,application.js,34,52,65.38,19,41,73.08,0,0,34,NaN,192,107,72.45
19.6,application.js,34,52,65.38,19,41,73.08,0,0,34,NaN,192,107,72.45
20.7,application.js,34,52,65.38,19,41,73.08,0,0,34,NaN,192,107,72.45
21.9,application.js,34,52,65.38,19,41,73.08,0,0,34,NaN,192,107,72.45
23,application.js,34,52,65.38,19,41,73.08,0,0,34,NaN,192,107,72.45
24.2,application.js,34,52,65.38,19,41,73.08,0,0,34,NaN,192,107,72.45
25.4,application.js,34,52,65.38,19,41,73.08,0,0,34,NaN,192,107,72.45
26.5,application.js,34,52,65.38,19,41,73.08,0,0,34,NaN,192,107,72.45
26.6,application.js,34,52,65.38,19,41,73.08,0,0,34,NaN,192,107,72.45
27.7,application.js,34,52,65.38,19,41,73.08,0,0,34,NaN,192,107,72.45
28.8,application.js,34,52,65.38,19,41,73.08,0,0,34,NaN,192,107,72.45
29.9,application.js,34,52,65.38,19,41,73.08,0,0,34,NaN,192,107,72.45
30,application.js,34,52,65.38,19,41,73.08,0,0,34,NaN,192,107,72.45
31.1,application.js,34,52,65.38,19,41,73.08,0,0,34,NaN,192,107,72.45
32.2,application.js,34,52,65.38,19,41,73.08,0,0,34,NaN,192,107,72.45
33.4,application.js,34,52,65.38,19,41,73.08,0,0,34,NaN,192,107,72.45
34.5,application.js,34,52,65.38,19,41,73.08,0,0,34,NaN,192,107,72.45
35.7,application.js,34,52,65.38,19,41,73.08,0,0,34,NaN,192,107,72.45
36.8,application.js,34,52,65.38,19,41,73.08,0,0,34,NaN,192,107,72.45
36.9,application.js,34,52,65.38,19,41,73.08,0,0,34,NaN,192,107,72.45
38,application.js,34,52,65.38,19,41,73.08,0,0,34,NaN,192,107,72.45
39.1,application.js,34,52,65.38,19,41,73.08,0,0,34,NaN,192,107,72.45
40.2,application.js,34,52,65.38,19,41,73.08,0,0,34,NaN,192,107,72.45
40.3,application.js,34,52,65.38,19,41,73.08,0,0,34,NaN,192,107,72.45
41.4,application.js,34,52,65.38,19,41,73.08,0,0,34,NaN,192,107,72.45
42.5,application.js,34,52,65.38,19,41,73.08,0,0,34,NaN,192,107,72.45
43.7,application.js,34,52,65.38,19,41,73.08,0,0,34,NaN,192,107,72.45
44.8,application.js,34,52,65.38,19,41,73.08,0,0,34,NaN,192,107,72.45
46,application.js,34,52,65.38,19,41,73.08,0,0,34,NaN,192,107,72.45
47.1,application.js,34,52,65.38,19,41,73.08,0,0,34,NaN,192,107,72.45
48.2,application.js,34,52,65.38,19,41,73.08,0,0,34,NaN,192,107,72.45
48.3,application.js,34,52,65.38,19,41,73.08,0,0,34,NaN,192,107,72.45
49.4,application.js,34,52,65.38,19,41,73.08,0,0,34,NaN,192,107,72.45
50.9,application.js,34,52,65.38,19,41,73.08,0,0,34,NaN,192,107,72.45
52,application.js,34,52,65.38,19,41,73.08,0,0,34,NaN,192,107,72.45
52.1,application.js,34,52,65.38,19,41,73.08,0,0,34,NaN,192,107,72.45
53.2,application.js,34,52,65.38,19,41,73.08,0,0,34,NaN,192,107,72.45
54.3,application.js,34,52,65.38,19,41,73.08,0,0,34,NaN,192,107,72.45
55.4,application.js,34,52,65.38,19,41,73.08,0,0,34,NaN,192,107,72.45
55.5,application.js,34,52,65.38,19,41,73.08,0,0,34,NaN,192,107,72.45
56.6,application.js,34,52,65.38,19,41,73.08,0,0,34,NaN,192,107,72.45
57.8,application.js,34,52,65.38,19,41,73.08,0,0,34,NaN,192,107,72.45
59,application.js,34,52,65.38,19,41,73.08,0,0,34,NaN,192,107,72.45
60.4,application.js,34,52,65.38,19,41,73.08,0,0,34,NaN,192,107,72.45
61.5,application.js,34,52,65.38,19,41,73.08,0,0,34,NaN,192,107,72.45
61.6,application.js,34,52,65.38,19,41,73.08,0,0,34,NaN,192,107,72.45
62.7,application.js,34,52,65.38,19,41,73.08,0,0,34,NaN,192,107,72.45
63.6,application.js,34,52,65.38,19,41,73.08,0,0,34,NaN,192,107,72.45
63.7,application.js,34,52,65.38,19,41,73.08,0,0,34,NaN,192,107,72.45
0,request.js,0,0,NaN,0,0,NaN,0,0,0,NaN,0,0,NaN
1.1,request.js,11,44,25,8,23,40,0,0,11,NaN,81,103,46.82
2.1,request.js,11,44,25,8,23,40,0,0,11,NaN,81,103,46.82
3,request.js,11,44,25,8,23,40,0,0,11,NaN,81,103,46.82
4,request.js,11,44,25,8,23,40,0,0,11,NaN,81,103,46.82
5.1,request.js,11,44,25,8,23,40,0,0,11,NaN,81,103,46.82
6.2,request.js,11,44,25,8,23,40,0,0,11,NaN,81,103,46.82
7.2,request.js,11,44,25,8,23,40,0,0,11,NaN,81,103,46.82
8.2,request.js,11,44,25,8,23,40,0,0,11,NaN,81,103,46.82
9.1,request.js,11,44,25,8,23,40,0,0,11,NaN,81,103,46.82
9.2,request.js,11,44,25,8,23,40,0,0,11,NaN,81,103,46.82
10.1,request.js,11,44,25,8,23,40,0,0,11,NaN,81,103,46.82
11,request.js,11,44,25,8,23,40,0,0,11,NaN,81,103,46.82
11.9,request.js,11,44,25,8,23,40,0,0,11,NaN,81,103,46.82
12,request.js,11,44,25,8,23,40,0,0,11,NaN,81,103,46.82
12.9,request.js,11,44,25,8,23,40,0,0,11,NaN,81,103,46.82
13.9,request.js,11,44,25,8,23,40,0,0,11,NaN,81,103,46.82
14.8,request.js,11,44,25,8,23,40,0,0,11,NaN,81,103,46.82
15.7,request.js,11,44,25,8,23,40,0,0,11,NaN,81,103,46.82
16.7,request.js,11,44,25,8,23,40,0,0,11,NaN,81,103,46.82
17.9,request.js,11,44,25,8,23,40,0,0,11,NaN,81,103,46.82
18.9,request.js,11,44,25,8,23,40,0,0,11,NaN,81,103,46.82
19.8,request.js,11,44,25,8,23,40,0,0,11,NaN,81,103,46.82
20.8,request.js,11,44,25,8,23,40,0,0,11,NaN,81,103,46.82
21.7,request.js,11,44,25,8,23,40,0,0,11,NaN,81,103,46.82
22.7,request.js,11,44,25,8,23,40,0,0,11,NaN,81,103,46.82
23.6,request.js,11,44,25,8,23,40,0,0,11,NaN,81,103,46.82
24.5,request.js,11,44,25,8,23,40,0,0,11,NaN,81,103,46.82
24.6,request.js,11,44,25,8,23,40,0,0,11,NaN,81,103,46.82
25.5,request.js,11,44,25,8,23,40,0,0,11,NaN,81,103,46.82
26.4,request.js,11,44,25,8,23,40,0,0,11,NaN,81,103,46.82
27.4,request.js,11,44,25,8,23,40,0,0,11,NaN,81,103,46.82
28.4,request.js,11,44,25,8,23,40,0,0,11,NaN,81,103,46.82
29.3,request.js,11,44,25,8,23,40,0,0,11,NaN,81,103,46.82
30.6,request.js,11,44,25,8,23,40,0,0,11,NaN,81,103,46.82
31.6,request.js,11,44,25,8,23,40,0,0,11,NaN,81,103,46.82
32.6,request.js,11,44,25,8,23,40,0,0,11,NaN,81,103,46.82
33.5,request.js,11,44,25,8,23,40,0,0,11,NaN,81,103,46.82
34.5,request.js,11,44,25,8,23,40,0,0,11,NaN,81,103,46.82
35.4,request.js,11,44,25,8,23,40,0,0,11,NaN,81,103,46.82
36.3,request.js,11,44,25,8,23,40,0,0,11,NaN,81,103,46.82
36.4,request.js,11,44,25,8,23,40,0,0,11,NaN,81,103,46.82
37.3,request.js,11,44,25,8,23,40,0,0,11,NaN,81,103,46.82
38.2,request.js,11,44,25,8,23,40,0,0,11,NaN,81,103,46.82
38.3,request.js,11,44,25,8,23,40,0,0,11,NaN,81,103,46.82
39.2,request.js,11,44,25,8,23,40,0,0,11,NaN,81,103,46.82
40.2,request.js,11,44,25,8,23,40,0,0,11,NaN,81,103,46.82
41.1,request.js,11,44,25,8,23,40,0,0,11,NaN,81,103,46.82
42.1,request.js,11,44,25,8,23,40,0,0,11,NaN,81,103,46.82
42.2,request.js,11,44,25,8,23,40,0,0,11,NaN,81,103,46.82
43.2,request.js,11,44,25,8,23,40,0,0,11,NaN,81,103,46.82
44.2,request.js,11,44,25,8,23,40,0,0,11,NaN,81,103,46.82
45.1,request.js,11,44,25,8,23,40,0,0,11,NaN,81,103,46.82
46.1,request.js,11,44,25,8,23,40,0,0,11,NaN,81,103,46.82
47,request.js,11,44,25,8,23,40,0,0,11,NaN,81,103,46.82
48,request.js,11,44,25,8,23,40,0,0,11,NaN,81,103,46.82
49,request.js,11,44,25,8,23,40,0,0,11,NaN,81,103,46.82
49.9,request.js,11,44,25,8,23,40,0,0,11,NaN,81,103,46.82
50,request.js,11,44,25,8,23,40,0,0,11,NaN,81,103,46.82
50.9,request.js,11,44,25,8,23,40,0,0,11,NaN,81,103,46.82
51.8,request.js,11,44,25,8,23,40,0,0,11,NaN,81,103,46.82
52.8,request.js,11,44,25,8,23,40,0,0,11,NaN,81,103,46.82
53.7,request.js,11,44,25,8,23,40,0,0,11,NaN,81,103,46.82
54.7,request.js,11,44,25,8,23,40,0,0,11,NaN,81,103,46.82
55.7,request.js,11,44,25,8,23,40,0,0,11,NaN,81,103,46.82
56.9,request.js,11,44,25,8,23,40,0,0,11,NaN,81,103,46.82
57.9,request.js,11,44,25,8,23,40,0,0,11,NaN,81,103,46.82
58.9,request.js,11,44,25,8,23,40,0,0,11,NaN,81,103,46.82
59.8,request.js,11,44,25,8,23,40,0,0,11,NaN,81,103,46.82
59.9,request.js,11,44,25,8,23,40,0,0,11,NaN,81,103,46.82
60.8,request.js,11,44,25,8,23,40,0,0,11,NaN,81,103,46.82
61.1,request.js,11,44,25,8,23,40,0,0,11,NaN,81,103,46.82
61.2,request.js,11,44,25,8,23,40,0,0,11,NaN,81,103,46.82
0,response.js,0,0,NaN,0,0,NaN,0,0,0,NaN,0,0,NaN
8.7,response.js,19,174,10.92,13,47,31.71,0,0,19,NaN,126,471,21.8
16.8,response.js,20,174,11.49,13,48,31.71,0,0,20,NaN,127,471,21.97
24.4,response.js,21,174,12.07,13,49,31.71,0,0,21,NaN,132,467,22.84
32.2,response.js,22,174,12.64,13,50,31.71,0,0,22,NaN,136,464,23.53
39.4,response.js,23,174,13.22,13,51,31.71,0,0,22,NaN,136,464,23.53
39.5,response.js,23,174,13.22,13,51,31.71,0,0,23,NaN,139,462,24.05
46.9,response.js,23,174,13.22,13,51,31.71,0,0,23,NaN,139,462,24.05
53.9,response.js,23,174,13.22,13,51,31.71,0,0,23,NaN,139,462,24.05
54,response.js,23,174,13.22,13,51,31.71,0,0,23,NaN,139,462,24.05
61.4,response.js,23,174,13.22,13,51,31.71,0,0,23,NaN,139,462,24.05
68.6,response.js,23,174,13.22,13,51,31.71,0,0,23,NaN,139,462,24.05
68.9,response.js,23,174,13.22,13,51,31.71,0,0,23,NaN,139,462,24.05
0,utils.js,0,0,NaN,0,0,NaN,0,0,0,NaN,0,0,NaN
0.9,utils.js,2,34,5.88,1,15,7.14,0,0,2,NaN,6,120,4.84
1.4,utils.js,2,34,5.88,1,15,7.14,0,0,2,NaN,6,120,4.84
1.9,utils.js,2,34,5.88,1,15,7.14,0,0,2,NaN,6,120,4.84
2.4,utils.js,2,34,5.88,1,15,7.14,0,0,2,NaN,6,120,4.84
2.9,utils.js,2,34,5.88,1,15,7.14,0,0,2,NaN,6,120,4.84
3.4,utils.js,2,34,5.88,1,15,7.14,0,0,2,NaN,6,120,4.84
4,utils.js,2,34,5.88,1,15,7.14,0,0,2,NaN,6,120,4.84
4.5,utils.js,2,34,5.88,1,15,7.14,0,0,2,NaN,6,120,4.84
5,utils.js,2,34,5.88,1,15,7.14,0,0,2,NaN,6,120,4.84
5.5,utils.js,2,34,5.88,1,15,7.14,0,0,2,NaN,6,120,4.84
6,utils.js,2,34,5.88,1,15,7.14,0,0,2,NaN,6,120,4.84
6.5,utils.js,2,34,5.88,1,15,7.14,0,0,2,NaN,6,120,4.84
7,utils.js,2,34,5.88,1,15,7.14,0,0,2,NaN,6,120,4.84
7.5,utils.js,2,34,5.88,1,15,7.14,0,0,2,NaN,6,120,4.84
8,utils.js,2,34,5.88,1,15,7.14,0,0,2,NaN,6,120,4.84
8.5,utils.js,2,34,5.88,1,15,7.14,0,0,2,NaN,6,120,4.84
9.1,utils.js,2,34,5.88,1,15,7.14,0,0,2,NaN,6,120,4.84
9.6,utils.js,2,34,5.88,1,15,7.14,0,0,2,NaN,6,120,4.84
10.1,utils.js,2,34,5.88,1,15,7.14,0,0,2,NaN,6,120,4.84
11,utils.js,2,34,5.88,1,15,7.14,0,0,2,NaN,6,120,4.84
11.6,utils.js,2,34,5.88,1,15,7.14,0,0,2,NaN,6,120,4.84
12.1,utils.js,2,34,5.88,1,15,7.14,0,0,2,NaN,6,120,4.84
12.6,utils.js,2,34,5.88,1,15,7.14,0,0,2,NaN,6,120,4.84
13.1,utils.js,2,34,5.88,1,15,7.14,0,0,2,NaN,6,120,4.84
13.2,utils.js,2,34,5.88,1,15,7.14,0,0,2,NaN,6,120,4.84
13.7,utils.js,2,34,5.88,1,15,7.14,0,0,2,NaN,6,120,4.84
14.2,utils.js,2,34,5.88,1,15,7.14,0,0,2,NaN,6,120,4.84
14.7,utils.js,2,34,5.88,1,15,7.14,0,0,2,NaN,6,120,4.84
15.2,utils.js,2,34,5.88,1,15,7.14,0,0,2,NaN,6,120,4.84
15.7,utils.js,2,34,5.88,1,15,7.14,0,0,2,NaN,6,120,4.84
16.2,utils.js,2,34,5.88,1,15,7.14,0,0,2,NaN,6,120,4.84
16.7,utils.js,2,34,5.88,1,15,7.14,0,0,2,NaN,6,120,4.84
17.2,utils.js,2,34,5.88,1,15,7.14,0,0,2,NaN,6,120,4.84
17.7,utils.js,2,34,5.88,1,15,7.14,0,0,2,NaN,6,120,4.84
18.2,utils.js,2,34,5.88,1,15,7.14,0,0,2,NaN,6,120,4.84
18.7,utils.js,2,34,5.88,1,15,7.14,0,0,2,NaN,6,120,4.84
19.2,utils.js,2,34,5.88,1,15,7.14,0,0,2,NaN,6,120,4.84
19.7,utils.js,2,34,5.88,1,15,7.14,0,0,2,NaN,6,120,4.84
20.2,utils.js,2,34,5.88,1,15,7.14,0,0,2,NaN,6,120,4.84
20.7,utils.js,2,34,5.88,1,15,7.14,0,0,2,NaN,6,120,4.84
21.2,utils.js,2,34,5.88,1,15,7.14,0,0,2,NaN,6,120,4.84
21.7,utils.js,2,34,5.88,1,15,7.14,0,0,2,NaN,6,120,4.84
22.2,utils.js,2,34,5.88,1,15,7.14,0,0,2,NaN,6,120,4.84
22.7,utils.js,2,34,5.88,1,15,7.14,0,0,2,NaN,6,120,4.84
23.2,utils.js,2,34,5.88,1,15,7.14,0,0,2,NaN,6,120,4.84
23.8,utils.js,2,34,5.88,1,15,7.14,0,0,2,NaN,6,120,4.84
24.3,utils.js,2,34,5.88,1,15,7.14,0,0,2,NaN,6,120,4.84
25.2,utils.js,2,34,5.88,1,15,7.14,0,0,2,NaN,6,120,4.84
25.7,utils.js,2,34,5.88,1,15,7.14,0,0,2,NaN,6,120,4.84
26.2,utils.js,2,34,5.88,1,15,7.14,0,0,2,NaN,6,120,4.84
26.8,utils.js,2,34,5.88,1,15,7.14,0,0,2,NaN,6,120,4.84
27.3,utils.js,2,34,5.88,1,15,7.14,0,0,2,NaN,6,120,4.84
27.8,utils.js,2,34,5.88,1,15,7.14,0,0,2,NaN,6,120,4.84
28.3,utils.js,2,34,5.88,1,15,7.14,0,0,2,NaN,6,120,4.84
28.8,utils.js,2,34,5.88,1,15,7.14,0,0,2,NaN,6,120,4.84
29.3,utils.js,2,34,5.88,1,15,7.14,0,0,2,NaN,6,120,4.84
29.8,utils.js,2,34,5.88,1,15,7.14,0,0,2,NaN,6,120,4.84
30.3,utils.js,2,34,5.88,1,15,7.14,0,0,2,NaN,6,120,4.84
30.9,utils.js,2,34,5.88,1,15,7.14,0,0,2,NaN,6,120,4.84
31.4,utils.js,2,34,5.88,1,15,7.14,0,0,2,NaN,6,120,4.84
31.9,utils.js,2,34,5.88,1,15,7.14,0,0,2,NaN,6,120,4.84
32.4,utils.js,2,34,5.88,1,15,7.14,0,0,2,NaN,6,120,4.84
32.9,utils.js,2,34,5.88,1,15,7.14,0,0,2,NaN,6,120,4.84
33.5,utils.js,2,34,5.88,1,15,7.14,0,0,2,NaN,6,120,4.84
34,utils.js,2,34,5.88,1,15,7.14,0,0,2,NaN,6,120,4.84
34.5,utils.js,2,34,5.88,1,15,7.14,0,0,2,NaN,6,120,4.84
35,utils.js,2,34,5.88,1,15,7.14,0,0,2,NaN,6,120,4.84
35.6,utils.js,2,34,5.88,1,15,7.14,0,0,2,NaN,6,120,4.84
36.1,utils.js,2,34,5.88,1,15,7.14,0,0,2,NaN,6,120,4.84
36.6,utils.js,2,34,5.88,1,15,7.14,0,0,2,NaN,6,120,4.84
37.2,utils.js,2,34,5.88,1,15,7.14,0,0,2,NaN,6,120,4.84
37.7,utils.js,2,34,5.88,1,15,7.14,0,0,2,NaN,6,120,4.84
38.3,utils.js,2,34,5.88,1,15,7.14,0,0,2,NaN,6,120,4.84
38.8,utils.js,2,34,5.88,1,15,7.14,0,0,2,NaN,6,120,4.84
39.3,utils.js,2,34,5.88,1,15,7.14,0,0,2,NaN,6,120,4.84
39.9,utils.js,2,34,5.88,1,15,7.14,0,0,2,NaN,6,120,4.84
40.9,utils.js,2,34,5.88,1,15,7.14,0,0,2,NaN,6,120,4.84
41.4,utils.js,2,34,5.88,1,15,7.14,0,0,2,NaN,6,120,4.84
42,utils.js,2,34,5.88,1,15,7.14,0,0,2,NaN,6,120,4.84
42.5,utils.js,2,34,5.88,1,15,7.14,0,0,2,NaN,6,120,4.84
43.1,utils.js,2,34,5.88,1,15,7.14,0,0,2,NaN,6,120,4.84
43.6,utils.js,2,34,5.88,1,15,7.14,0,0,2,NaN,6,120,4.84
44.1,utils.js,2,34,5.88,1,15,7.14,0,0,2,NaN,6,120,4.84
44.7,utils.js,2,34,5.88,1,15,7.14,0,0,2,NaN,6,120,4.84
45.2,utils.js,2,34,5.88,1,15,7.14,0,0,2,NaN,6,120,4.84
45.7,utils.js,2,34,5.88,1,15,7.14,0,0,2,NaN,6,120,4.84
46.3,utils.js,2,34,5.88,1,15,7.14,0,0,2,NaN,6,120,4.84
46.8,utils.js,2,34,5.88,1,15,7.14,0,0,2,NaN,6,120,4.84
47.4,utils.js,2,34,5.88,1,15,7.14,0,0,2,NaN,6,120,4.84
47.9,utils.js,2,34,5.88,1,15,7.14,0,0,2,NaN,6,120,4.84
48.4,utils.js,2,34,5.88,1,15,7.14,0,0,2,NaN,6,120,4.84
49,utils.js,2,34,5.88,1,15,7.14,0,0,2,NaN,6,120,4.84
49.5,utils.js,2,34,5.88,1,15,7.14,0,0,2,NaN,6,120,4.84
50,utils.js,2,34,5.88,1,15,7.14,0,0,2,NaN,6,120,4.84
50.5,utils.js,2,34,5.88,1,15,7.14,0,0,2,NaN,6,120,4.84
51.1,utils.js,2,34,5.88,1,15,7.14,0,0,2,NaN,6,120,4.84
51.6,utils.js,2,34,5.88,1,15,7.14,0,0,2,NaN,6,120,4.84
52.1,utils.js,2,34,5.88,1,15,7.14,0,0,2,NaN,6,120,4.84
52.6,utils.js,2,34,5.88,1,15,7.14,0,0,2,NaN,6,120,4.84
53.1,utils.js,2,34,5.88,1,15,7.14,0,0,2,NaN,6,120,4.84
53.2,utils.js,2,34,5.88,1,15,7.14,0,0,2,NaN,6,120,4.84
54.2,utils.js,2,34,5.88,1,15,7.14,0,0,2,NaN,6,120,4.84
54.7,utils.js,2,34,5.88,1,15,7.14,0,0,2,NaN,6,120,4.84
55.3,utils.js,2,34,5.88,1,15,7.14,0,0,2,NaN,6,120,4.84
55.8,utils.js,2,34,5.88,1,15,7.14,0,0,2,NaN,6,120,4.84
56.4,utils.js,2,34,5.88,1,15,7.14,0,0,2,NaN,6,120,4.84
56.9,utils.js,2,34,5.88,1,15,7.14,0,0,2,NaN,6,120,4.84
57.4,utils.js,2,34,5.88,1,15,7.14,0,0,2,NaN,6,120,4.84
58,utils.js,2,34,5.88,1,15,7.14,0,0,2,NaN,6,120,4.84
58.5,utils.js,2,34,5.88,1,15,7.14,0,0,2,NaN,6,120,4.84
59.1,utils.js,2,34,5.88,1,15,7.14,0,0,2,NaN,6,120,4.84
59.6,utils.js,2,34,5.88,1,15,7.14,0,0,2,NaN,6,120,4.84
60.2,utils.js,2,34,5.88,1,15,7.14,0,0,2,NaN,6,120,4.84
60.7,utils.js,2,34,5.88,1,15,7.14,0,0,2,NaN,6,120,4.84
60.9,utils.js,2,34,5.88,1,15,7.14,0,0,2,NaN,6,120,4.84
0,utils.js,0,0,NaN,0,0,NaN,0,0,0,NaN,0,0,NaN
0.7,utils.js,2,34,5.88,2,14,14.29,0,0,2,NaN,6,120,4.84
1.3,utils.js,2,34,5.88,2,14,14.29,0,0,2,NaN,6,120,4.84
2,utils.js,2,34,5.88,2,14,14.29,0,0,2,NaN,6,120,4.84
2.6,utils.js,2,34,5.88,2,14,14.29,0,0,2,NaN,6,120,4.84
3.2,utils.js,2,34,5.88,2,14,14.29,0,0,2,NaN,6,120,4.84
3.8,utils.js,2,34,5.88,2,14,14.29,0,0,2,NaN,6,120,4.84
4.4,utils.js,2,34,5.88,2,14,14.29,0,0,2,NaN,6,120,4.84
4.5,utils.js,2,34,5.88,2,14,14.29,0,0,2,NaN,6,120,4.84
5.1,utils.js,2,34,5.88,2,14,14.29,0,0,2,NaN,6,120,4.84
5.7,utils.js,2,34,5.88,2,14,14.29,0,0,2,NaN,6,120,4.84
6.3,utils.js,2,34,5.88,2,14,14.29,0,0,2,NaN,6,120,4.84
6.9,utils.js,2,34,5.88,2,14,14.29,0,0,2,NaN,6,120,4.84
7.6,utils.js,2,34,5.88,2,14,14.29,0,0,2,NaN,6,120,4.84
8.2,utils.js,2,34,5.88,2,14,14.29,0,0,2,NaN,6,120,4.84
8.8,utils.js,2,34,5.88,2,14,14.29,0,0,2,NaN,6,120,4.84
9.5,utils.js,2,34,5.88,2,14,14.29,0,0,2,NaN,6,120,4.84
10.6,utils.js,2,34,5.88,2,14,14.29,0,0,2,NaN,6,120,4.84
11.2,utils.js,2,34,5.88,2,14,14.29,0,0,2,NaN,6,120,4.84
11.9,utils.js,2,34,5.88,2,14,14.29,0,0,2,NaN,6,120,4.84
12.5,utils.js,2,34,5.88,2,14,14.29,0,0,2,NaN,6,120,4.84
13.1,utils.js,2,34,5.88,2,14,14.29,0,0,2,NaN,6,120,4.84
13.7,utils.js,2,34,5.88,2,14,14.29,0,0,2,NaN,6,120,4.84
14.4,utils.js,2,34,5.88,2,14,14.29,0,0,2,NaN,6,120,4.84
15,utils.js,2,34,5.88,2,14,14.29,0,0,2,NaN,6,120,4.84
15.6,utils.js,2,34,5.88,2,14,14.29,0,0,2,NaN,6,120,4.84
16.3,utils.js,2,34,5.88,2,14,14.29,0,0,2,NaN,6,120,4.84
16.9,utils.js,2,34,5.88,2,14,14.29,0,0,2,NaN,6,120,4.84
17.5,utils.js,2,34,5.88,2,14,14.29,0,0,2,NaN,6,120,4.84
18.1,utils.js,2,34,5.88,2,14,14.29,0,0,2,NaN,6,120,4.84
18.8,utils.js,2,34,5.88,2,14,14.29,0,0,2,NaN,6,120,4.84
19.4,utils.js,2,34,5.88,2,14,14.29,0,0,2,NaN,6,120,4.84
20,utils.js,2,34,5.88,2,14,14.29,0,0,2,NaN,6,120,4.84
20.7,utils.js,2,34,5.88,2,14,14.29,0,0,2,NaN,6,120,4.84
21.3,utils.js,2,34,5.88,2,14,14.29,0,0,2,NaN,6,120,4.84
22,utils.js,2,34,5.88,2,14,14.29,0,0,2,NaN,6,120,4.84
22.6,utils.js,2,34,5.88,2,14,14.29,0,0,2,NaN,6,120,4.84
23.2,utils.js,2,34,5.88,2,14,14.29,0,0,2,NaN,6,120,4.84
23.9,utils.js,2,34,5.88,2,14,14.29,0,0,2,NaN,6,120,4.84
24.5,utils.js,2,34,5.88,2,14,14.29,0,0,2,NaN,6,120,4.84
25.7,utils.js,2,34,5.88,2,14,14.29,0,0,2,NaN,6,120,4.84
26.3,utils.js,2,34,5.88,2,14,14.29,0,0,2,NaN,6,120,4.84
27,utils.js,2,34,5.88,2,14,14.29,0,0,2,NaN,6,120,4.84
27.6,utils.js,2,34,5.88,2,14,14.29,0,0,2,NaN,6,120,4.84
28.3,utils.js,2,34,5.88,2,14,14.29,0,0,2,NaN,6,120,4.84
28.9,utils.js,2,34,5.88,2,14,14.29,0,0,2,NaN,6,120,4.84
29.5,utils.js,2,34,5.88,2,14,14.29,0,0,2,NaN,6,120,4.84
30.2,utils.js,2,34,5.88,2,14,14.29,0,0,2,NaN,6,120,4.84
30.8,utils.js,2,34,5.88,2,14,14.29,0,0,2,NaN,6,120,4.84
30.9,utils.js,2,34,5.88,2,14,14.29,0,0,2,NaN,6,120,4.84
31.5,utils.js,2,34,5.88,2,14,14.29,0,0,2,NaN,6,120,4.84
32.1,utils.js,2,34,5.88,2,14,14.29,0,0,2,NaN,6,120,4.84
32.7,utils.js,2,34,5.88,2,14,14.29,0,0,2,NaN,6,120,4.84
33.4,utils.js,2,34,5.88,2,14,14.29,0,0,2,NaN,6,120,4.84
34,utils.js,2,34,5.88,2,14,14.29,0,0,2,NaN,6,120,4.84
34.7,utils.js,2,34,5.88,2,14,14.29,0,0,2,NaN,6,120,4.84
35.3,utils.js,2,34,5.88,2,14,14.29,0,0,2,NaN,6,120,4.84
36,utils.js,2,34,5.88,2,14,14.29,0,0,2,NaN,6,120,4.84
36.6,utils.js,2,34,5.88,2,14,14.29,0,0,2,NaN,6,120,4.84
37.3,utils.js,2,34,5.88,2,14,14.29,0,0,2,NaN,6,120,4.84
37.9,utils.js,2,34,5.88,2,14,14.29,0,0,2,NaN,6,120,4.84
38.6,utils.js,2,34,5.88,2,14,14.29,0,0,2,NaN,6,120,4.84
39.2,utils.js,2,34,5.88,2,14,14.29,0,0,2,NaN,6,120,4.84
39.9,utils.js,2,34,5.88,2,14,14.29,0,0,2,NaN,6,120,4.84
41.1,utils.js,2,34,5.88,2,14,14.29,0,0,2,NaN,6,120,4.84
41.7,utils.js,2,34,5.88,2,14,14.29,0,0,2,NaN,6,120,4.84
42.4,utils.js,2,34,5.88,2,14,14.29,0,0,2,NaN,6,120,4.84
43,utils.js,2,34,5.88,2,14,14.29,0,0,2,NaN,6,120,4.84
43.7,utils.js,2,34,5.88,2,14,14.29,0,0,2,NaN,6,120,4.84
44.3,utils.js,2,34,5.88,2,14,14.29,0,0,2,NaN,6,120,4.84
44.9,utils.js,2,34,5.88,2,14,14.29,0,0,2,NaN,6,120,4.84
45.6,utils.js,2,34,5.88,2,14,14.29,0,0,2,NaN,6,120,4.84
46.2,utils.js,2,34,5.88,2,14,14.29,0,0,2,NaN,6,120,4.84
46.9,utils.js,2,34,5.88,2,14,14.29,0,0,2,NaN,6,120,4.84
47.5,utils.js,2,34,5.88,2,14,14.29,0,0,2,NaN,6,120,4.84
48.2,utils.js,2,34,5.88,2,14,14.29,0,0,2,NaN,6,120,4.84
48.8,utils.js,2,34,5.88,2,14,14.29,0,0,2,NaN,6,120,4.84
49.4,utils.js,2,34,5.88,2,14,14.29,0,0,2,NaN,6,120,4.84
50.1,utils.js,2,34,5.88,2,14,14.29,0,0,2,NaN,6,120,4.84
50.7,utils.js,2,34,5.88,2,14,14.29,0,0,2,NaN,6,120,4.84
51.4,utils.js,2,34,5.88,2,14,14.29,0,0,2,NaN,6,120,4.84
52,utils.js,2,34,5.88,2,14,14.29,0,0,2,NaN,6,120,4.84
52.7,utils.js,2,34,5.88,2,14,14.29,0,0,2,NaN,6,120,4.84
53.3,utils.js,2,34,5.88,2,14,14.29,0,0,2,NaN,6,120,4.84
54,utils.js,2,34,5.88,2,14,14.29,0,0,2,NaN,6,120,4.84
54.6,utils.js,2,34,5.88,2,14,14.29,0,0,2,NaN,6,120,4.84
55.2,utils.js,2,34,5.88,2,14,14.29,0,0,2,NaN,6,120,4.84
56.4,utils.js,2,34,5.88,2,14,14.29,0,0,2,NaN,6,120,4.84
57,utils.js,2,34,5.88,2,14,14.29,0,0,2,NaN,6,120,4.84
57.6,utils.js,2,34,5.88,2,14,14.29,0,0,2,NaN,6,120,4.84
58.3,utils.js,2,34,5.88,2,14,14.29,0,0,2,NaN,6,120,4.84
58.9,utils.js,2,34,5.88,2,14,14.29,0,0,2,NaN,6,120,4.84
59.5,utils.js,2,34,5.88,2,14,14.29,0,0,2,NaN,6,120,4.84
60.2,utils.js,2,34,5.88,2,14,14.29,0,0,2,NaN,6,120,4.84
60.7,utils.js,2,34,5.88,2,14,14.29,0,0,2,NaN,6,120,4.84
0,utils.js,0,0,NaN,0,0,NaN,0,0,0,NaN,0,0,NaN
0.5,utils.js,3,34,8.82,2,15,14.29,0,0,3,NaN,10,117,8.06
1,utils.js,3,34,8.82,2,15,14.29,0,0,3,NaN,10,117,8.06
1.5,utils.js,3,34,8.82,2,15,14.29,0,0,3,NaN,10,117,8.06
1.6,utils.js,3,34,8.82,2,15,14.29,0,0,3,NaN,10,117,8.06
2.1,utils.js,3,34,8.82,2,15,14.29,0,0,3,NaN,10,117,8.06
2.6,utils.js,3,34,8.82,2,15,14.29,0,0,3,NaN,10,117,8.06
3.1,utils.js,3,34,8.82,2,15,14.29,0,0,3,NaN,10,117,8.06
3.6,utils.js,3,34,8.82,2,15,14.29,0,0,3,NaN,10,117,8.06
4.2,utils.js,3,34,8.82,2,15,14.29,0,0,3,NaN,10,117,8.06
4.7,utils.js,3,34,8.82,2,15,14.29,0,0,3,NaN,10,117,8.06
5.2,utils.js,3,34,8.82,2,15,14.29,0,0,3,NaN,10,117,8.06
5.7,utils.js,3,34,8.82,2,15,14.29,0,0,3,NaN,10,117,8.06
6.3,utils.js,3,34,8.82,2,15,14.29,0,0,3,NaN,10,117,8.06
6.8,utils.js,3,34,8.82,2,15,14.29,0,0,3,NaN,10,117,8.06
7.3,utils.js,3,34,8.82,2,15,14.29,0,0,3,NaN,10,117,8.06
7.8,utils.js,3,34,8.82,2,15,14.29,0,0,3,NaN,10,117,8.06
8.4,utils.js,3,34,8.82,2,15,14.29,0,0,3,NaN,10,117,8.06
8.9,utils.js,3,34,8.82,2,15,14.29,0,0,3,NaN,10,117,8.06
10.1,utils.js,3,34,8.82,2,15,14.29,0,0,3,NaN,10,117,8.06
10.6,utils.js,3,34,8.82,2,15,14.29,0,0,3,NaN,10,117,8.06
11.2,utils.js,3,34,8.82,2,15,14.29,0,0,3,NaN,10,117,8.06
11.7,utils.js,3,34,8.82,2,15,14.29,0,0,3,NaN,10,117,8.06
12.2,utils.js,3,34,8.82,2,15,14.29,0,0,3,NaN,10,117,8.06
12.8,utils.js,3,34,8.82,2,15,14.29,0,0,3,NaN,10,117,8.06
13.3,utils.js,3,34,8.82,2,15,14.29,0,0,3,NaN,10,117,8.06
13.9,utils.js,3,34,8.82,2,15,14.29,0,0,3,NaN,10,117,8.06
14.4,utils.js,3,34,8.82,2,15,14.29,0,0,3,NaN,10,117,8.06
15,utils.js,3,34,8.82,2,15,14.29,0,0,3,NaN,10,117,8.06
15.5,utils.js,3,34,8.82,2,15,14.29,0,0,3,NaN,10,117,8.06
16.1,utils.js,3,34,8.82,2,15,14.29,0,0,3,NaN,10,117,8.06
16.6,utils.js,3,34,8.82,2,15,14.29,0,0,3,NaN,10,117,8.06
17.2,utils.js,3,34,8.82,2,15,14.29,0,0,3,NaN,10,117,8.06
17.7,utils.js,3,34,8.82,2,15,14.29,0,0,3,NaN,10,117,8.06
18.3,utils.js,3,34,8.82,2,15,14.29,0,0,3,NaN,10,117,8.06
18.8,utils.js,3,34,8.82,2,15,14.29,0,0,3,NaN,10,117,8.06
19.4,utils.js,3,34,8.82,2,15,14.29,0,0,3,NaN,10,117,8.06
19.9,utils.js,3,34,8.82,2,15,14.29,0,0,3,NaN,10,117,8.06
20.4,utils.js,3,34,8.82,2,15,14.29,0,0,3,NaN,10,117,8.06
21,utils.js,3,34,8.82,2,15,14.29,0,0,3,NaN,10,117,8.06
21.5,utils.js,3,34,8.82,2,15,14.29,0,0,3,NaN,10,117,8.06
22.1,utils.js,3,34,8.82,2,15,14.29,0,0,3,NaN,10,117,8.06
22.6,utils.js,3,34,8.82,2,15,14.29,0,0,3,NaN,10,117,8.06
23.2,utils.js,3,34,8.82,2,15,14.29,0,0,3,NaN,10,117,8.06
23.8,utils.js,3,34,8.82,2,15,14.29,0,0,3,NaN,10,117,8.06
24.3,utils.js,3,34,8.82,2,15,14.29,0,0,3,NaN,10,117,8.06
24.9,utils.js,3,34,8.82,2,15,14.29,0,0,3,NaN,10,117,8.06
25.4,utils.js,3,34,8.82,2,15,14.29,0,0,3,NaN,10,117,8.06
26.6,utils.js,3,34,8.82,2,15,14.29,0,0,3,NaN,10,117,8.06
27.2,utils.js,3,34,8.82,2,15,14.29,0,0,3,NaN,10,117,8.06
27.7,utils.js,3,34,8.82,2,15,14.29,0,0,3,NaN,10,117,8.06
28.3,utils.js,3,34,8.82,2,15,14.29,0,0,3,NaN,10,117,8.06
28.8,utils.js,3,34,8.82,2,15,14.29,0,0,3,NaN,10,117,8.06
29.4,utils.js,3,34,8.82,2,15,14.29,0,0,3,NaN,10,117,8.06
29.9,utils.js,3,34,8.82,2,15,14.29,0,0,3,NaN,10,117,8.06
30.5,utils.js,3,34,8.82,2,15,14.29,0,0,3,NaN,10,117,8.06
31.1,utils.js,3,34,8.82,2,15,14.29,0,0,3,NaN,10,117,8.06
31.6,utils.js,3,34,8.82,2,15,14.29,0,0,3,NaN,10,117,8.06
31.7,utils.js,3,34,8.82,2,15,14.29,0,0,3,NaN,10,117,8.06
32.2,utils.js,3,34,8.82,2,15,14.29,0,0,3,NaN,10,117,8.06
32.8,utils.js,3,34,8.82,2,15,14.29,0,0,3,NaN,10,117,8.06
33.3,utils.js,3,34,8.82,2,15,14.29,0,0,3,NaN,10,117,8.06
33.9,utils.js,3,34,8.82,2,15,14.29,0,0,3,NaN,10,117,8.06
34.5,utils.js,3,34,8.82,2,15,14.29,0,0,3,NaN,10,117,8.06
35,utils.js,3,34,8.82,2,15,14.29,0,0,3,NaN,10,117,8.06
35.5,utils.js,3,34,8.82,2,15,14.29,0,0,3,NaN,10,117,8.06
36.1,utils.js,3,34,8.82,2,15,14.29,0,0,3,NaN,10,117,8.06
36.6,utils.js,3,34,8.82,2,15,14.29,0,0,3,NaN,10,117,8.06
37.2,utils.js,3,34,8.82,2,15,14.29,0,0,3,NaN,10,117,8.06
37.8,utils.js,3,34,8.82,2,15,14.29,0,0,3,NaN,10,117,8.06
38.3,utils.js,3,34,8.82,2,15,14.29,0,0,3,NaN,10,117,8.06
38.9,utils.js,3,34,8.82,2,15,14.29,0,0,3,NaN,10,117,8.06
39.5,utils.js,3,34,8.82,2,15,14.29,0,0,3,NaN,10,117,8.06
40,utils.js,3,34,8.82,2,15,14.29,0,0,3,NaN,10,117,8.06
41.2,utils.js,3,34,8.82,2,15,14.29,0,0,3,NaN,10,117,8.06
41.8,utils.js,3,34,8.82,2,15,14.29,0,0,3,NaN,10,117,8.06
42.3,utils.js,3,34,8.82,2,15,14.29,0,0,3,NaN,10,117,8.06
42.4,utils.js,3,34,8.82,2,15,14.29,0,0,3,NaN,10,117,8.06
42.9,utils.js,3,34,8.82,2,15,14.29,0,0,3,NaN,10,117,8.06
43.5,utils.js,3,34,8.82,2,15,14.29,0,0,3,NaN,10,117,8.06
44,utils.js,3,34,8.82,2,15,14.29,0,0,3,NaN,10,117,8.06
44.5,utils.js,3,34,8.82,2,15,14.29,0,0,3,NaN,10,117,8.06
45.1,utils.js,3,34,8.82,2,15,14.29,0,0,3,NaN,10,117,8.06
45.6,utils.js,3,34,8.82,2,15,14.29,0,0,3,NaN,10,117,8.06
46.1,utils.js,3,34,8.82,2,15,14.29,0,0,3,NaN,10,117,8.06
46.7,utils.js,3,34,8.82,2,15,14.29,0,0,3,NaN,10,117,8.06
47.2,utils.js,3,34,8.82,2,15,14.29,0,0,3,NaN,10,117,8.06
47.8,utils.js,3,34,8.82,2,15,14.29,0,0,3,NaN,10,117,8.06
48.3,utils.js,3,34,8.82,2,15,14.29,0,0,3,NaN,10,117,8.06
48.9,utils.js,3,34,8.82,2,15,14.29,0,0,3,NaN,10,117,8.06
49.4,utils.js,3,34,8.82,2,15,14.29,0,0,3,NaN,10,117,8.06
49.9,utils.js,3,34,8.82,2,15,14.29,0,0,3,NaN,10,117,8.06
50.5,utils.js,3,34,8.82,2,15,14.29,0,0,3,NaN,10,117,8.06
51,utils.js,3,34,8.82,2,15,14.29,0,0,3,NaN,10,117,8.06
51.6,utils.js,3,34,8.82,2,15,14.29,0,0,3,NaN,10,117,8.06
52.1,utils.js,3,34,8.82,2,15,14.29,0,0,3,NaN,10,117,8.06
52.7,utils.js,3,34,8.82,2,15,14.29,0,0,3,NaN,10,117,8.06
53.2,utils.js,3,34,8.82,2,15,14.29,0,0,3,NaN,10,117,8.06
53.8,utils.js,3,34,8.82,2,15,14.29,0,0,3,NaN,10,117,8.06
54.3,utils.js,3,34,8.82,2,15,14.29,0,0,3,NaN,10,117,8.06
54.9,utils.js,3,34,8.82,2,15,14.29,0,0,3,NaN,10,117,8.06
55.4,utils.js,3,34,8.82,2,15,14.29,0,0,3,NaN,10,117,8.06
56,utils.js,3,34,8.82,2,15,14.29,0,0,3,NaN,10,117,8.06
56.6,utils.js,3,34,8.82,2,15,14.29,0,0,3,NaN,10,117,8.06
57.8,utils.js,3,34,8.82,2,15,14.29,0,0,3,NaN,10,117,8.06
58.3,utils.js,3,34,8.82,2,15,14.29,0,0,3,NaN,10,117,8.06
58.9,utils.js,3,34,8.82,2,15,14.29,0,0,3,NaN,10,117,8.06
59.4,utils.js,3,34,8.82,2,15,14.29,0,0,3,NaN,10,117,8.06
60,utils.js,3,34,8.82,2,15,14.29,0,0,3,NaN,10,117,8.06
60.5,utils.js,3,34,8.82,2,15,14.29,0,0,3,NaN,10,117,8.06
0,utils.js,0,0,NaN,0,0,NaN,0,0,0,NaN,0,0,NaN
0.5,utils.js,1,34,2.94,1,14,7.14,0,0,1,NaN,5,120,4.03
1.1,utils.js,1,34,2.94,1,14,7.14,0,0,1,NaN,5,120,4.03
1.6,utils.js,1,34,2.94,1,14,7.14,0,0,1,NaN,5,120,4.03
2.2,utils.js,1,34,2.94,1,14,7.14,0,0,1,NaN,5,120,4.03
2.7,utils.js,2,34,5.88,1,15,7.14,0,0,2,NaN,7,119,5.65
3.3,utils.js,2,34,5.88,1,15,7.14,0,0,2,NaN,7,119,5.65
3.9,utils.js,2,34,5.88,1,15,7.14,0,0,2,NaN,7,119,5.65
4.5,utils.js,2,34,5.88,1,15,7.14,0,0,2,NaN,7,119,5.65
5,utils.js,2,34,5.88,1,15,7.14,0,0,2,NaN,7,119,5.65
5.6,utils.js,2,34,5.88,1,15,7.14,0,0,2,NaN,7,119,5.65
6.2,utils.js,2,34,5.88,1,15,7.14,0,0,2,NaN,7,119,5.65
6.8,utils.js,2,34,5.88,1,15,7.14,0,0,2,NaN,7,119,5.65
7.3,utils.js,2,34,5.88,1,15,7.14,0,0,2,NaN,7,119,5.65
7.9,utils.js,2,34,5.88,1,15,7.14,0,0,2,NaN,7,119,5.65
8.5,utils.js,2,34,5.88,1,15,7.14,0,0,2,NaN,7,119,5.65
9.1,utils.js,2,34,5.88,1,15,7.14,0,0,2,NaN,7,119,5.65
9.6,utils.js,2,34,5.88,1,15,7.14,0,0,2,NaN,7,119,5.65
10.2,utils.js,2,34,5.88,1,15,7.14,0,0,2,NaN,7,119,5.65
10.8,utils.js,2,34,5.88,1,15,7.14,0,0,2,NaN,7,119,5.65
11.4,utils.js,2,34,5.88,1,15,7.14,0,0,2,NaN,7,119,5.65
11.9,utils.js,2,34,5.88,1,15,7.14,0,0,2,NaN,7,119,5.65
12.5,utils.js,2,34,5.88,1,15,7.14,0,0,2,NaN,7,119,5.65
13,utils.js,2,34,5.88,1,15,7.14,0,0,2,NaN,7,119,5.65
13.6,utils.js,2,34,5.88,1,15,7.14,0,0,2,NaN,7,119,5.65
14.1,utils.js,2,34,5.88,1,15,7.14,0,0,2,NaN,7,119,5.65
15.3,utils.js,2,34,5.88,1,15,7.14,0,0,2,NaN,7,119,5.65
15.9,utils.js,2,34,5.88,1,15,7.14,0,0,2,NaN,7,119,5.65
16.5,utils.js,2,34,5.88,1,15,7.14,0,0,2,NaN,7,119,5.65
17,utils.js,2,34,5.88,1,15,7.14,0,0,2,NaN,7,119,5.65
17.6,utils.js,2,34,5.88,1,15,7.14,0,0,2,NaN,7,119,5.65
18.2,utils.js,2,34,5.88,1,15,7.14,0,0,2,NaN,7,119,5.65
18.7,utils.js,2,34,5.88,1,15,7.14,0,0,2,NaN,7,119,5.65
19.3,utils.js,2,34,5.88,1,15,7.14,0,0,2,NaN,7,119,5.65
19.9,utils.js,2,34,5.88,1,15,7.14,0,0,2,NaN,7,119,5.65
20.4,utils.js,2,34,5.88,1,15,7.14,0,0,2,NaN,7,119,5.65
21,utils.js,2,34,5.88,1,15,7.14,0,0,2,NaN,7,119,5.65
21.6,utils.js,2,34,5.88,1,15,7.14,0,0,2,NaN,7,119,5.65
22.2,utils.js,2,34,5.88,1,15,7.14,0,0,2,NaN,7,119,5.65
22.7,utils.js,2,34,5.88,1,15,7.14,0,0,2,NaN,7,119,5.65
23.3,utils.js,2,34,5.88,1,15,7.14,0,0,2,NaN,7,119,5.65
23.9,utils.js,2,34,5.88,1,15,7.14,0,0,2,NaN,7,119,5.65
24.5,utils.js,2,34,5.88,1,15,7.14,0,0,2,NaN,7,119,5.65
25,utils.js,2,34,5.88,1,15,7.14,0,0,2,NaN,7,119,5.65
25.6,utils.js,2,34,5.88,1,15,7.14,0,0,2,NaN,7,119,5.65
26.2,utils.js,2,34,5.88,1,15,7.14,0,0,2,NaN,7,119,5.65
26.7,utils.js,2,34,5.88,1,15,7.14,0,0,2,NaN,7,119,5.65
27.3,utils.js,2,34,5.88,1,15,7.14,0,0,2,NaN,7,119,5.65
27.9,utils.js,2,34,5.88,1,15,7.14,0,0,2,NaN,7,119,5.65
28.5,utils.js,2,34,5.88,1,15,7.14,0,0,2,NaN,7,119,5.65
29,utils.js,2,34,5.88,1,15,7.14,0,0,2,NaN,7,119,5.65
29.6,utils.js,2,34,5.88,1,15,7.14,0,0,2,NaN,7,119,5.65
30.2,utils.js,2,34,5.88,1,15,7.14,0,0,2,NaN,7,119,5.65
31.1,utils.js,2,34,5.88,1,15,7.14,0,0,2,NaN,7,119,5.65
32,utils.js,2,34,5.88,1,15,7.14,0,0,2,NaN,7,119,5.65
32.6,utils.js,2,34,5.88,1,15,7.14,0,0,2,NaN,7,119,5.65
33.2,utils.js,2,34,5.88,1,15,7.14,0,0,2,NaN,7,119,5.65
33.7,utils.js,2,34,5.88,1,15,7.14,0,0,2,NaN,7,119,5.65
34.3,utils.js,2,34,5.88,1,15,7.14,0,0,2,NaN,7,119,5.65
34.8,utils.js,2,34,5.88,1,15,7.14,0,0,2,NaN,7,119,5.65
35.4,utils.js,2,34,5.88,1,15,7.14,0,0,2,NaN,7,119,5.65
36,utils.js,2,34,5.88,1,15,7.14,0,0,2,NaN,7,119,5.65
36.5,utils.js,2,34,5.88,1,15,7.14,0,0,2,NaN,7,119,5.65
37.1,utils.js,2,34,5.88,1,15,7.14,0,0,2,NaN,7,119,5.65
37.7,utils.js,2,34,5.88,1,15,7.14,0,0,2,NaN,7,119,5.65
38.2,utils.js,2,34,5.88,1,15,7.14,0,0,2,NaN,7,119,5.65
38.8,utils.js,2,34,5.88,1,15,7.14,0,0,2,NaN,7,119,5.65
39.3,utils.js,2,34,5.88,1,15,7.14,0,0,2,NaN,7,119,5.65
39.9,utils.js,2,34,5.88,1,15,7.14,0,0,2,NaN,7,119,5.65
40.5,utils.js,2,34,5.88,1,15,7.14,0,0,2,NaN,7,119,5.65
41,utils.js,2,34,5.88,1,15,7.14,0,0,2,NaN,7,119,5.65
41.6,utils.js,2,34,5.88,1,15,7.14,0,0,2,NaN,7,119,5.65
42.2,utils.js,2,34,5.88,1,15,7.14,0,0,2,NaN,7,119,5.65
42.7,utils.js,2,34,5.88,1,15,7.14,0,0,2,NaN,7,119,5.65
43.3,utils.js,2,34,5.88,1,15,7.14,0,0,2,NaN,7,119,5.65
43.8,utils.js,2,34,5.88,1,15,7.14,0,0,2,NaN,7,119,5.65
44.4,utils.js,2,34,5.88,1,15,7.14,0,0,2,NaN,7,119,5.65
45,utils.js,2,34,5.88,1,15,7.14,0,0,2,NaN,7,119,5.65
45.5,utils.js,2,34,5.88,1,15,7.14,0,0,2,NaN,7,119,5.65
46.1,utils.js,2,34,5.88,1,15,7.14,0,0,2,NaN,7,119,5.65
47.4,utils.js,2,34,5.88,1,15,7.14,0,0,2,NaN,7,119,5.65
48,utils.js,2,34,5.88,1,15,7.14,0,0,2,NaN,7,119,5.65
48.6,utils.js,2,34,5.88,1,15,7.14,0,0,2,NaN,7,119,5.65
49.2,utils.js,2,34,5.88,1,15,7.14,0,0,2,NaN,7,119,5.65
49.8,utils.js,2,34,5.88,1,15,7.14,0,0,2,NaN,7,119,5.65
50.4,utils.js,2,34,5.88,1,15,7.14,0,0,2,NaN,7,119,5.65
51,utils.js,2,34,5.88,1,15,7.14,0,0,2,NaN,7,119,5.65
51.7,utils.js,2,34,5.88,1,15,7.14,0,0,2,NaN,7,119,5.65
52.2,utils.js,2,34,5.88,1,15,7.14,0,0,2,NaN,7,119,5.65
52.8,utils.js,2,34,5.88,1,15,7.14,0,0,2,NaN,7,119,5.65
53.3,utils.js,2,34,5.88,1,15,7.14,0,0,2,NaN,7,119,5.65
53.9,utils.js,2,34,5.88,1,15,7.14,0,0,2,NaN,7,119,5.65
54.5,utils.js,2,34,5.88,1,15,7.14,0,0,2,NaN,7,119,5.65
55,utils.js,2,34,5.88,1,15,7.14,0,0,2,NaN,7,119,5.65
55.6,utils.js,2,34,5.88,1,15,7.14,0,0,2,NaN,7,119,5.65
56.2,utils.js,2,34,5.88,1,15,7.14,0,0,2,NaN,7,119,5.65
56.8,utils.js,2,34,5.88,1,15,7.14,0,0,2,NaN,7,119,5.65
57.3,utils.js,2,34,5.88,1,15,7.14,0,0,2,NaN,7,119,5.65
57.9,utils.js,2,34,5.88,1,15,7.14,0,0,2,NaN,7,119,5.65
58.4,utils.js,2,34,5.88,1,15,7.14,0,0,2,NaN,7,119,5.65
59,utils.js,2,34,5.88,1,15,7.14,0,0,2,NaN,7,119,5.65
59.6,utils.js,2,34,5.88,1,15,7.14,0,0,2,NaN,7,119,5.65
60.2,utils.js,2,34,5.88,1,15,7.14,0,0,2,NaN,7,119,5.65
60.5,utils.js,2,34,5.88,1,15,7.14,0,0,2,NaN,7,119,5.65
0,utils.js,0,0,NaN,0,0,NaN,0,0,0,NaN,0,0,NaN
0.6,utils.js,1,34,2.94,1,14,7.14,0,0,1,NaN,5,120,4.03
1.1,utils.js,1,34,2.94,1,14,7.14,0,0,1,NaN,5,120,4.03
1.8,utils.js,2,34,5.88,1,15,7.14,0,0,2,NaN,7,119,5.65
3,utils.js,2,34,5.88,1,15,7.14,0,0,2,NaN,7,119,5.65
3.6,utils.js,2,34,5.88,1,15,7.14,0,0,2,NaN,7,119,5.65
4.2,utils.js,2,34,5.88,1,15,7.14,0,0,2,NaN,7,119,5.65
4.7,utils.js,2,34,5.88,1,15,7.14,0,0,2,NaN,7,119,5.65
5.3,utils.js,2,34,5.88,1,15,7.14,0,0,2,NaN,7,119,5.65
5.9,utils.js,2,34,5.88,1,15,7.14,0,0,2,NaN,7,119,5.65
6.4,utils.js,2,34,5.88,1,15,7.14,0,0,2,NaN,7,119,5.65
7,utils.js,2,34,5.88,1,15,7.14,0,0,2,NaN,7,119,5.65
7.6,utils.js,2,34,5.88,1,15,7.14,0,0,2,NaN,7,119,5.65
8.2,utils.js,2,34,5.88,1,15,7.14,0,0,2,NaN,7,119,5.65
8.8,utils.js,2,34,5.88,1,15,7.14,0,0,2,NaN,7,119,5.65
9.4,utils.js,2,34,5.88,1,15,7.14,0,0,2,NaN,7,119,5.65
10,utils.js,2,34,5.88,1,15,7.14,0,0,2,NaN,7,119,5.65
10.5,utils.js,2,34,5.88,1,15,7.14,0,0,2,NaN,7,119,5.65
11.1,utils.js,2,34,5.88,1,15,7.14,0,0,2,NaN,7,119,5.65
11.7,utils.js,2,34,5.88,1,15,7.14,0,0,2,NaN,7,119,5.65
12.2,utils.js,2,34,5.88,1,15,7.14,0,0,2,NaN,7,119,5.65
12.8,utils.js,2,34,5.88,1,15,7.14,0,0,2,NaN,7,119,5.65
13.4,utils.js,2,34,5.88,1,15,7.14,0,0,2,NaN,7,119,5.65
14,utils.js,2,34,5.88,1,15,7.14,0,0,2,NaN,7,119,5.65
14.5,utils.js,2,34,5.88,1,15,7.14,0,0,2,NaN,7,119,5.65
15.1,utils.js,2,34,5.88,1,15,7.14,0,0,2,NaN,7,119,5.65
15.7,utils.js,2,34,5.88,1,15,7.14,0,0,2,NaN,7,119,5.65
16.2,utils.js,2,34,5.88,1,15,7.14,0,0,2,NaN,7,119,5.65
16.8,utils.js,2,34,5.88,1,15,7.14,0,0,2,NaN,7,119,5.65
17.4,utils.js,2,34,5.88,1,15,7.14,0,0,2,NaN,7,119,5.65
18,utils.js,2,34,5.88,1,15,7.14,0,0,2,NaN,7,119,5.65
18.7,utils.js,2,34,5.88,1,15,7.14,0,0,2,NaN,7,119,5.65
19.3,utils.js,2,34,5.88,1,15,7.14,0,0,2,NaN,7,119,5.65
20.6,utils.js,2,34,5.88,1,15,7.14,0,0,2,NaN,7,119,5.65
21.2,utils.js,2,34,5.88,1,15,7.14,0,0,2,NaN,7,119,5.65
21.8,utils.js,2,34,5.88,1,15,7.14,0,0,2,NaN,7,119,5.65
22.4,utils.js,2,34,5.88,1,15,7.14,0,0,2,NaN,7,119,5.65
23,utils.js,2,34,5.88,1,15,7.14,0,0,2,NaN,7,119,5.65
23.6,utils.js,2,34,5.88,1,15,7.14,0,0,2,NaN,7,119,5.65
24.2,utils.js,2,34,5.88,1,15,7.14,0,0,2,NaN,7,119,5.65
24.8,utils.js,2,34,5.88,1,15,7.14,0,0,2,NaN,7,119,5.65
25.4,utils.js,2,34,5.88,1,15,7.14,0,0,2,NaN,7,119,5.65
26,utils.js,2,34,5.88,1,15,7.14,0,0,2,NaN,7,119,5.65
26.6,utils.js,2,34,5.88,1,15,7.14,0,0,2,NaN,7,119,5.65
27.2,utils.js,2,34,5.88,1,15,7.14,0,0,2,NaN,7,119,5.65
27.8,utils.js,2,34,5.88,1,15,7.14,0,0,2,NaN,7,119,5.65
28.4,utils.js,2,34,5.88,1,15,7.14,0,0,2,NaN,7,119,5.65
29,utils.js,2,34,5.88,1,15,7.14,0,0,2,NaN,7,119,5.65
29.6,utils.js,2,34,5.88,1,15,7.14,0,0,2,NaN,7,119,5.65
30.2,utils.js,2,34,5.88,1,15,7.14,0,0,2,NaN,7,119,5.65
30.8,utils.js,2,34,5.88,1,15,7.14,0,0,2,NaN,7,119,5.65
31.4,utils.js,2,34,5.88,1,15,7.14,0,0,2,NaN,7,119,5.65
32,utils.js,2,34,5.88,1,15,7.14,0,0,2,NaN,7,119,5.65
32.6,utils.js,2,34,5.88,1,15,7.14,0,0,2,NaN,7,119,5.65
33.2,utils.js,2,34,5.88,1,15,7.14,0,0,2,NaN,7,119,5.65
33.8,utils.js,2,34,5.88,1,15,7.14,0,0,2,NaN,7,119,5.65
34.4,utils.js,2,34,5.88,1,15,7.14,0,0,2,NaN,7,119,5.65
34.9,utils.js,2,34,5.88,1,15,7.14,0,0,2,NaN,7,119,5.65
35.5,utils.js,2,34,5.88,1,15,7.14,0,0,2,NaN,7,119,5.65
36.9,utils.js,2,34,5.88,1,15,7.14,0,0,2,NaN,7,119,5.65
37.5,utils.js,2,34,5.88,1,15,7.14,0,0,2,NaN,7,119,5.65
38,utils.js,2,34,5.88,1,15,7.14,0,0,2,NaN,7,119,5.65
38.6,utils.js,2,34,5.88,1,15,7.14,0,0,2,NaN,7,119,5.65
39.2,utils.js,2,34,5.88,1,15,7.14,0,0,2,NaN,7,119,5.65
39.8,utils.js,2,34,5.88,1,15,7.14,0,0,2,NaN,7,119,5.65
40.4,utils.js,2,34,5.88,1,15,7.14,0,0,2,NaN,7,119,5.65
41,utils.js,2,34,5.88,1,15,7.14,0,0,2,NaN,7,119,5.65
41.5,utils.js,2,34,5.88,1,15,7.14,0,0,2,NaN,7,119,5.65
42.1,utils.js,2,34,5.88,1,15,7.14,0,0,2,NaN,7,119,5.65
42.7,utils.js,2,34,5.88,1,15,7.14,0,0,2,NaN,7,119,5.65
43.3,utils.js,2,34,5.88,1,15,7.14,0,0,2,NaN,7,119,5.65
43.9,utils.js,2,34,5.88,1,15,7.14,0,0,2,NaN,7,119,5.65
44.4,utils.js,2,34,5.88,1,15,7.14,0,0,2,NaN,7,119,5.65
45,utils.js,2,34,5.88,1,15,7.14,0,0,2,NaN,7,119,5.65
45.6,utils.js,2,34,5.88,1,15,7.14,0,0,2,NaN,7,119,5.65
46.2,utils.js,2,34,5.88,1,15,7.14,0,0,2,NaN,7,119,5.65
46.8,utils.js,2,34,5.88,1,15,7.14,0,0,2,NaN,7,119,5.65
47.4,utils.js,2,34,5.88,1,15,7.14,0,0,2,NaN,7,119,5.65
48,utils.js,2,34,5.88,1,15,7.14,0,0,2,NaN,7,119,5.65
48.5,utils.js,2,34,5.88,1,15,7.14,0,0,2,NaN,7,119,5.65
49.1,utils.js,2,34,5.88,1,15,7.14,0,0,2,NaN,7,119,5.65
49.7,utils.js,2,34,5.88,1,15,7.14,0,0,2,NaN,7,119,5.65
50.3,utils.js,2,34,5.88,1,15,7.14,0,0,2,NaN,7,119,5.65
50.9,utils.js,2,34,5.88,1,15,7.14,0,0,2,NaN,7,119,5.65
51.5,utils.js,2,34,5.88,1,15,7.14,0,0,2,NaN,7,119,5.65
52,utils.js,2,34,5.88,1,15,7.14,0,0,2,NaN,7,119,5.65
52.1,utils.js,2,34,5.88,1,15,7.14,0,0,2,NaN,7,119,5.65
52.6,utils.js,2,34,5.88,1,15,7.14,0,0,2,NaN,7,119,5.65
53.2,utils.js,2,34,5.88,1,15,7.14,0,0,2,NaN,7,119,5.65
53.8,utils.js,2,34,5.88,1,15,7.14,0,0,2,NaN,7,119,5.65
55.3,utils.js,2,34,5.88,1,15,7.14,0,0,2,NaN,7,119,5.65
55.9,utils.js,2,34,5.88,1,15,7.14,0,0,2,NaN,7,119,5.65
56.5,utils.js,2,34,5.88,1,15,7.14,0,0,2,NaN,7,119,5.65
57.1,utils.js,2,34,5.88,1,15,7.14,0,0,2,NaN,7,119,5.65
57.7,utils.js,2,34,5.88,1,15,7.14,0,0,2,NaN,7,119,5.65
58.3,utils.js,2,34,5.88,1,15,7.14,0,0,2,NaN,7,119,5.65
58.9,utils.js,2,34,5.88,1,15,7.14,0,0,2,NaN,7,119,5.65
59.4,utils.js,2,34,5.88,1,15,7.14,0,0,2,NaN,7,119,5.65
60,utils.js,2,34,5.88,1,15,7.14,0,0,2,NaN,7,119,5.65
60.6,utils.js,2,34,5.88,1,15,7.14,0,0,2,NaN,7,119,5.65
0,utils.js,0,0,NaN,0,0,NaN,0,0,0,NaN,0,0,NaN
0.5,utils.js,7,34,20.59,1,20,7.14,0,0,7,NaN,15,116,12.1
1,utils.js,8,34,23.53,1,21,7.14,0,0,8,NaN,17,115,13.71
1.5,utils.js,8,34,23.53,1,21,7.14,0,0,8,NaN,17,115,13.71
2.1,utils.js,8,34,23.53,1,21,7.14,0,0,8,NaN,17,115,13.71
2.6,utils.js,8,34,23.53,1,21,7.14,0,0,8,NaN,17,115,13.71
3.1,utils.js,8,34,23.53,1,21,7.14,0,0,8,NaN,17,115,13.71
3.6,utils.js,8,34,23.53,1,21,7.14,0,0,8,NaN,17,115,13.71
4.1,utils.js,8,34,23.53,1,21,7.14,0,0,8,NaN,17,115,13.71
4.2,utils.js,8,34,23.53,1,21,7.14,0,0,8,NaN,17,115,13.71
4.6,utils.js,8,34,23.53,1,21,7.14,0,0,8,NaN,17,115,13.71
5.1,utils.js,8,34,23.53,1,21,7.14,0,0,8,NaN,17,115,13.71
5.6,utils.js,8,34,23.53,1,21,7.14,0,0,8,NaN,17,115,13.71
6.1,utils.js,8,34,23.53,1,21,7.14,0,0,8,NaN,17,115,13.71
6.6,utils.js,8,34,23.53,1,21,7.14,0,0,8,NaN,17,115,13.71
7.1,utils.js,8,34,23.53,1,21,7.14,0,0,8,NaN,17,115,13.71
8.5,utils.js,8,34,23.53,1,21,7.14,0,0,8,NaN,17,115,13.71
9,utils.js,8,34,23.53,1,21,7.14,0,0,8,NaN,17,115,13.71
9.5,utils.js,8,34,23.53,1,21,7.14,0,0,8,NaN,17,115,13.71
10,utils.js,8,34,23.53,1,21,7.14,0,0,8,NaN,17,115,13.71
10.6,utils.js,8,34,23.53,1,21,7.14,0,0,8,NaN,17,115,13.71
11.1,utils.js,8,34,23.53,1,21,7.14,0,0,8,NaN,17,115,13.71
11.6,utils.js,8,34,23.53,1,21,7.14,0,0,8,NaN,17,115,13.71
12.1,utils.js,8,34,23.53,1,21,7.14,0,0,8,NaN,17,115,13.71
12.2,utils.js,8,34,23.53,1,21,7.14,0,0,8,NaN,17,115,13.71
12.6,utils.js,8,34,23.53,1,21,7.14,0,0,8,NaN,17,115,13.71
13.1,utils.js,8,34,23.53,1,21,7.14,0,0,8,NaN,17,115,13.71
13.2,utils.js,8,34,23.53,1,21,7.14,0,0,8,NaN,17,115,13.71
13.6,utils.js,8,34,23.53,1,21,7.14,0,0,8,NaN,17,115,13.71
14.2,utils.js,8,34,23.53,1,21,7.14,0,0,8,NaN,17,115,13.71
14.6,utils.js,8,34,23.53,1,21,7.14,0,0,8,NaN,17,115,13.71
15.1,utils.js,8,34,23.53,1,21,7.14,0,0,8,NaN,17,115,13.71
15.6,utils.js,8,34,23.53,1,21,7.14,0,0,8,NaN,17,115,13.71
16.1,utils.js,8,34,23.53,1,21,7.14,0,0,8,NaN,17,115,13.71
16.6,utils.js,8,34,23.53,1,21,7.14,0,0,8,NaN,17,115,13.71
17.1,utils.js,8,34,23.53,1,21,7.14,0,0,8,NaN,17,115,13.71
17.6,utils.js,8,34,23.53,1,21,7.14,0,0,8,NaN,17,115,13.71
18.1,utils.js,8,34,23.53,1,21,7.14,0,0,8,NaN,17,115,13.71
18.6,utils.js,8,34,23.53,1,21,7.14,0,0,8,NaN,17,115,13.71
19.1,utils.js,8,34,23.53,1,21,7.14,0,0,8,NaN,17,115,13.71
19.6,utils.js,8,34,23.53,1,21,7.14,0,0,8,NaN,17,115,13.71
20.1,utils.js,8,34,23.53,1,21,7.14,0,0,8,NaN,17,115,13.71
20.6,utils.js,8,34,23.53,1,21,7.14,0,0,8,NaN,17,115,13.71
21.1,utils.js,8,34,23.53,1,21,7.14,0,0,8,NaN,17,115,13.71
21.6,utils.js,8,34,23.53,1,21,7.14,0,0,8,NaN,17,115,13.71
22.1,utils.js,8,34,23.53,1,21,7.14,0,0,8,NaN,17,115,13.71
22.6,utils.js,8,34,23.53,1,21,7.14,0,0,8,NaN,17,115,13.71
23.1,utils.js,8,34,23.53,1,21,7.14,0,0,8,NaN,17,115,13.71
23.6,utils.js,8,34,23.53,1,21,7.14,0,0,8,NaN,17,115,13.71
25,utils.js,8,34,23.53,1,21,7.14,0,0,8,NaN,17,115,13.71
25.5,utils.js,8,34,23.53,1,21,7.14,0,0,8,NaN,17,115,13.71
26,utils.js,8,34,23.53,1,21,7.14,0,0,8,NaN,17,115,13.71
26.6,utils.js,8,34,23.53,1,21,7.14,0,0,8,NaN,17,115,13.71
27.1,utils.js,8,34,23.53,1,21,7.14,0,0,8,NaN,17,115,13.71
27.6,utils.js,8,34,23.53,1,21,7.14,0,0,8,NaN,17,115,13.71
28.2,utils.js,8,34,23.53,1,21,7.14,0,0,8,NaN,17,115,13.71
28.7,utils.js,8,34,23.53,1,21,7.14,0,0,8,NaN,17,115,13.71
29.2,utils.js,8,34,23.53,1,21,7.14,0,0,8,NaN,17,115,13.71
29.7,utils.js,8,34,23.53,1,21,7.14,0,0,8,NaN,17,115,13.71
30.3,utils.js,8,34,23.53,1,21,7.14,0,0,8,NaN,17,115,13.71
30.8,utils.js,8,34,23.53,1,21,7.14,0,0,8,NaN,17,115,13.71
31.3,utils.js,8,34,23.53,1,21,7.14,0,0,8,NaN,17,115,13.71
31.8,utils.js,8,34,23.53,1,21,7.14,0,0,8,NaN,17,115,13.71
32.3,utils.js,8,34,23.53,1,21,7.14,0,0,8,NaN,17,115,13.71
32.8,utils.js,8,34,23.53,1,21,7.14,0,0,8,NaN,17,115,13.71
33.3,utils.js,8,34,23.53,1,21,7.14,0,0,8,NaN,17,115,13.71
33.8,utils.js,8,34,23.53,1,21,7.14,0,0,8,NaN,17,115,13.71
34.3,utils.js,8,34,23.53,1,21,7.14,0,0,8,NaN,17,115,13.71
34.8,utils.js,8,34,23.53,1,21,7.14,0,0,8,NaN,17,115,13.71
35.3,utils.js,8,34,23.53,1,21,7.14,0,0,8,NaN,17,115,13.71
35.8,utils.js,8,34,23.53,1,21,7.14,0,0,8,NaN,17,115,13.71
36.3,utils.js,8,34,23.53,1,21,7.14,0,0,8,NaN,17,115,13.71
36.8,utils.js,8,34,23.53,1,21,7.14,0,0,8,NaN,17,115,13.71
37.3,utils.js,8,34,23.53,1,21,7.14,0,0,8,NaN,17,115,13.71
37.9,utils.js,8,34,23.53,1,21,7.14,0,0,8,NaN,17,115,13.71
38.4,utils.js,8,34,23.53,1,21,7.14,0,0,8,NaN,17,115,13.71
38.9,utils.js,8,34,23.53,1,21,7.14,0,0,8,NaN,17,115,13.71
39,utils.js,8,34,23.53,1,21,7.14,0,0,8,NaN,17,115,13.71
39.5,utils.js,8,34,23.53,1,21,7.14,0,0,8,NaN,17,115,13.71
40,utils.js,8,34,23.53,1,21,7.14,0,0,8,NaN,17,115,13.71
40.5,utils.js,8,34,23.53,1,21,7.14,0,0,8,NaN,17,115,13.71
41,utils.js,8,34,23.53,1,21,7.14,0,0,8,NaN,17,115,13.71
41.5,utils.js,8,34,23.53,1,21,7.14,0,0,8,NaN,17,115,13.71
42.1,utils.js,8,34,23.53,1,21,7.14,0,0,8,NaN,17,115,13.71
42.6,utils.js,8,34,23.53,1,21,7.14,0,0,8,NaN,17,115,13.71
44.1,utils.js,8,34,23.53,1,21,7.14,0,0,8,NaN,17,115,13.71
44.6,utils.js,8,34,23.53,1,21,7.14,0,0,8,NaN,17,115,13.71
44.7,utils.js,8,34,23.53,1,21,7.14,0,0,8,NaN,17,115,13.71
45.2,utils.js,8,34,23.53,1,21,7.14,0,0,8,NaN,17,115,13.71
45.7,utils.js,8,34,23.53,1,21,7.14,0,0,8,NaN,17,115,13.71
46.3,utils.js,8,34,23.53,1,21,7.14,0,0,8,NaN,17,115,13.71
46.8,utils.js,8,34,23.53,1,21,7.14,0,0,8,NaN,17,115,13.71
47.3,utils.js,8,34,23.53,1,21,7.14,0,0,8,NaN,17,115,13.71
47.9,utils.js,8,34,23.53,1,21,7.14,0,0,8,NaN,17,115,13.71
48.4,utils.js,8,34,23.53,1,21,7.14,0,0,8,NaN,17,115,13.71
48.5,utils.js,8,34,23.53,1,21,7.14,0,0,8,NaN,17,115,13.71
49,utils.js,8,34,23.53,1,21,7.14,0,0,8,NaN,17,115,13.71
49.5,utils.js,8,34,23.53,1,21,7.14,0,0,8,NaN,17,115,13.71
50.1,utils.js,8,34,23.53,1,21,7.14,0,0,8,NaN,17,115,13.71
50.6,utils.js,8,34,23.53,1,21,7.14,0,0,8,NaN,17,115,13.71
51.2,utils.js,8,34,23.53,1,21,7.14,0,0,8,NaN,17,115,13.71
51.7,utils.js,8,34,23.53,1,21,7.14,0,0,8,NaN,17,115,13.71
52.2,utils.js,8,34,23.53,1,21,7.14,0,0,8,NaN,17,115,13.71
52.8,utils.js,8,34,23.53,1,21,7.14,0,0,8,NaN,17,115,13.71
53.3,utils.js,8,34,23.53,1,21,7.14,0,0,8,NaN,17,115,13.71
53.9,utils.js,8,34,23.53,1,21,7.14,0,0,8,NaN,17,115,13.71
54.4,utils.js,8,34,23.53,1,21,7.14,0,0,8,NaN,17,115,13.71
55,utils.js,8,34,23.53,1,21,7.14,0,0,8,NaN,17,115,13.71
55.5,utils.js,8,34,23.53,1,21,7.14,0,0,8,NaN,17,115,13.71
56.1,utils.js,8,34,23.53,1,21,7.14,0,0,8,NaN,17,115,13.71
56.6,utils.js,8,34,23.53,1,21,7.14,0,0,8,NaN,17,115,13.71
57.2,utils.js,8,34,23.53,1,21,7.14,0,0,8,NaN,17,115,13.71
57.7,utils.js,8,34,23.53,1,21,7.14,0,0,8,NaN,17,115,13.71
58.2,utils.js,8,34,23.53,1,21,7.14,0,0,8,NaN,17,115,13.71
58.8,utils.js,8,34,23.53,1,21,7.14,0,0,8,NaN,17,115,13.71
59.3,utils.js,8,34,23.53,1,21,7.14,0,0,8,NaN,17,115,13.71
59.9,utils.js,8,34,23.53,1,21,7.14,0,0,8,NaN,17,115,13.71
60.6,utils.js,8,34,23.53,1,21,7.14,0,0,8,NaN,17,115,13.71
60.7,utils.js,8,34,23.53,1,21,7.14,0,0,8,NaN,17,115,13.71
0,utils.js,0,0,NaN,0,0,NaN,0,0,0,NaN,0,0,NaN
0.9,utils.js,2,34,5.88,1,15,7.14,0,0,2,NaN,6,120,4.84
1.5,utils.js,2,34,5.88,1,15,7.14,0,0,2,NaN,6,120,4.84
2.2,utils.js,2,34,5.88,1,15,7.14,0,0,2,NaN,6,120,4.84
2.8,utils.js,2,34,5.88,1,15,7.14,0,0,2,NaN,6,120,4.84
3.4,utils.js,2,34,5.88,1,15,7.14,0,0,2,NaN,6,120,4.84
4,utils.js,2,34,5.88,1,15,7.14,0,0,2,NaN,6,120,4.84
4.7,utils.js,2,34,5.88,1,15,7.14,0,0,2,NaN,6,120,4.84
5.3,utils.js,2,34,5.88,1,15,7.14,0,0,2,NaN,6,120,4.84
6,utils.js,2,34,5.88,1,15,7.14,0,0,2,NaN,6,120,4.84
6.6,utils.js,2,34,5.88,1,15,7.14,0,0,2,NaN,6,120,4.84
7.3,utils.js,2,34,5.88,1,15,7.14,0,0,2,NaN,6,120,4.84
7.9,utils.js,2,34,5.88,1,15,7.14,0,0,2,NaN,6,120,4.84
8.6,utils.js,2,34,5.88,1,15,7.14,0,0,2,NaN,6,120,4.84
9.3,utils.js,2,34,5.88,1,15,7.14,0,0,2,NaN,6,120,4.84
9.9,utils.js,2,34,5.88,1,15,7.14,0,0,2,NaN,6,120,4.84
10.6,utils.js,2,34,5.88,1,15,7.14,0,0,2,NaN,6,120,4.84
11.2,utils.js,2,34,5.88,1,15,7.14,0,0,2,NaN,6,120,4.84
11.9,utils.js,2,34,5.88,1,15,7.14,0,0,2,NaN,6,120,4.84
12.5,utils.js,2,34,5.88,1,15,7.14,0,0,2,NaN,6,120,4.84
13.2,utils.js,2,34,5.88,1,15,7.14,0,0,2,NaN,6,120,4.84
13.8,utils.js,2,34,5.88,1,15,7.14,0,0,2,NaN,6,120,4.84
14.5,utils.js,2,34,5.88,1,15,7.14,0,0,2,NaN,6,120,4.84
15.2,utils.js,2,34,5.88,1,15,7.14,0,0,2,NaN,6,120,4.84
15.8,utils.js,2,34,5.88,1,15,7.14,0,0,2,NaN,6,120,4.84
16.4,utils.js,2,34,5.88,1,15,7.14,0,0,2,NaN,6,120,4.84
17.1,utils.js,2,34,5.88,1,15,7.14,0,0,2,NaN,6,120,4.84
17.7,utils.js,2,34,5.88,1,15,7.14,0,0,2,NaN,6,120,4.84
18.3,utils.js,2,34,5.88,1,15,7.14,0,0,2,NaN,6,120,4.84
18.9,utils.js,2,34,5.88,1,15,7.14,0,0,2,NaN,6,120,4.84
19.6,utils.js,2,34,5.88,1,15,7.14,0,0,2,NaN,6,120,4.84
20.2,utils.js,2,34,5.88,1,15,7.14,0,0,2,NaN,6,120,4.84
20.8,utils.js,2,34,5.88,1,15,7.14,0,0,2,NaN,6,120,4.84
21.5,utils.js,2,34,5.88,1,15,7.14,0,0,2,NaN,6,120,4.84
22.1,utils.js,2,34,5.88,1,15,7.14,0,0,2,NaN,6,120,4.84
22.7,utils.js,2,34,5.88,1,15,7.14,0,0,2,NaN,6,120,4.84
23.4,utils.js,2,34,5.88,1,15,7.14,0,0,2,NaN,6,120,4.84
24,utils.js,2,34,5.88,1,15,7.14,0,0,2,NaN,6,120,4.84
24.6,utils.js,2,34,5.88,1,15,7.14,0,0,2,NaN,6,120,4.84
25.3,utils.js,2,34,5.88,1,15,7.14,0,0,2,NaN,6,120,4.84
25.9,utils.js,2,34,5.88,1,15,7.14,0,0,2,NaN,6,120,4.84
26.5,utils.js,2,34,5.88,1,15,7.14,0,0,2,NaN,6,120,4.84
27.1,utils.js,2,34,5.88,1,15,7.14,0,0,2,NaN,6,120,4.84
27.2,utils.js,2,34,5.88,1,15,7.14,0,0,2,NaN,6,120,4.84
28.8,utils.js,2,34,5.88,1,15,7.14,0,0,2,NaN,6,120,4.84
29.4,utils.js,2,34,5.88,1,15,7.14,0,0,2,NaN,6,120,4.84
30.1,utils.js,2,34,5.88,1,15,7.14,0,0,2,NaN,6,120,4.84
30.7,utils.js,2,34,5.88,1,15,7.14,0,0,2,NaN,6,120,4.84
31.4,utils.js,2,34,5.88,1,15,7.14,0,0,2,NaN,6,120,4.84
32.1,utils.js,2,34,5.88,1,15,7.14,0,0,2,NaN,6,120,4.84
32.7,utils.js,2,34,5.88,1,15,7.14,0,0,2,NaN,6,120,4.84
33.4,utils.js,2,34,5.88,1,15,7.14,0,0,2,NaN,6,120,4.84
34.1,utils.js,2,34,5.88,1,15,7.14,0,0,2,NaN,6,120,4.84
34.7,utils.js,2,34,5.88,1,15,7.14,0,0,2,NaN,6,120,4.84
35.4,utils.js,2,34,5.88,1,15,7.14,0,0,2,NaN,6,120,4.84
36.1,utils.js,2,34,5.88,1,15,7.14,0,0,2,NaN,6,120,4.84
36.8,utils.js,2,34,5.88,1,15,7.14,0,0,2,NaN,6,120,4.84
37.4,utils.js,2,34,5.88,1,15,7.14,0,0,2,NaN,6,120,4.84
38.1,utils.js,2,34,5.88,1,15,7.14,0,0,2,NaN,6,120,4.84
38.8,utils.js,2,34,5.88,1,15,7.14,0,0,2,NaN,6,120,4.84
39.4,utils.js,2,34,5.88,1,15,7.14,0,0,2,NaN,6,120,4.84
40.1,utils.js,2,34,5.88,1,15,7.14,0,0,2,NaN,6,120,4.84
40.7,utils.js,2,34,5.88,1,15,7.14,0,0,2,NaN,6,120,4.84
41.3,utils.js,2,34,5.88,1,15,7.14,0,0,2,NaN,6,120,4.84
41.9,utils.js,2,34,5.88,1,15,7.14,0,0,2,NaN,6,120,4.84
42.6,utils.js,2,34,5.88,1,15,7.14,0,0,2,NaN,6,120,4.84
43.2,utils.js,2,34,5.88,1,15,7.14,0,0,2,NaN,6,120,4.84
43.9,utils.js,2,34,5.88,1,15,7.14,0,0,2,NaN,6,120,4.84
44.5,utils.js,2,34,5.88,1,15,7.14,0,0,2,NaN,6,120,4.84
45.1,utils.js,2,34,5.88,1,15,7.14,0,0,2,NaN,6,120,4.84
45.8,utils.js,2,34,5.88,1,15,7.14,0,0,2,NaN,6,120,4.84
47.4,utils.js,2,34,5.88,1,15,7.14,0,0,2,NaN,6,120,4.84
48.1,utils.js,2,34,5.88,1,15,7.14,0,0,2,NaN,6,120,4.84
48.7,utils.js,2,34,5.88,1,15,7.14,0,0,2,NaN,6,120,4.84
49.4,utils.js,2,34,5.88,1,15,7.14,0,0,2,NaN,6,120,4.84
50,utils.js,2,34,5.88,1,15,7.14,0,0,2,NaN,6,120,4.84
50.6,utils.js,2,34,5.88,1,15,7.14,0,0,2,NaN,6,120,4.84
51.3,utils.js,2,34,5.88,1,15,7.14,0,0,2,NaN,6,120,4.84
51.9,utils.js,2,34,5.88,1,15,7.14,0,0,2,NaN,6,120,4.84
52.5,utils.js,2,34,5.88,1,15,7.14,0,0,2,NaN,6,120,4.84
53.2,utils.js,2,34,5.88,1,15,7.14,0,0,2,NaN,6,120,4.84
53.8,utils.js,2,34,5.88,1,15,7.14,0,0,2,NaN,6,120,4.84
54.4,utils.js,2,34,5.88,1,15,7.14,0,0,2,NaN,6,120,4.84
55.1,utils.js,2,34,5.88,1,15,7.14,0,0,2,NaN,6,120,4.84
55.7,utils.js,2,34,5.88,1,15,7.14,0,0,2,NaN,6,120,4.84
56.4,utils.js,2,34,5.88,1,15,7.14,0,0,2,NaN,6,120,4.84
57,utils.js,2,34,5.88,1,15,7.14,0,0,2,NaN,6,120,4.84
57.7,utils.js,2,34,5.88,1,15,7.14,0,0,2,NaN,6,120,4.84
58.4,utils.js,2,34,5.88,1,15,7.14,0,0,2,NaN,6,120,4.84
59,utils.js,2,34,5.88,1,15,7.14,0,0,2,NaN,6,120,4.84
59.7,utils.js,2,34,5.88,1,15,7.14,0,0,2,NaN,6,120,4.84
60.4,utils.js,2,34,5.88,1,15,7.14,0,0,2,NaN,6,120,4.84
60.9,utils.js,2,34,5.88,1,15,7.14,0,0,2,NaN,6,120,4.84
0,view.js,0,0,NaN,0,0,NaN,0,0,0,NaN,0,0,NaN
0.6,view.js,1,16,6.25,1,5,20,0,0,1,NaN,9,69,11.69
1.3,view.js,1,16,6.25,1,5,20,0,0,1,NaN,9,69,11.69
1.9,view.js,1,16,6.25,1,5,20,0,0,1,NaN,9,69,11.69
2.6,view.js,1,16,6.25,1,5,20,0,0,1,NaN,9,69,11.69
3.2,view.js,1,16,6.25,1,5,20,0,0,1,NaN,9,69,11.69
5,view.js,1,16,6.25,1,5,20,0,0,1,NaN,9,69,11.69
5.7,view.js,1,16,6.25,1,5,20,0,0,1,NaN,9,69,11.69
6.4,view.js,1,16,6.25,1,5,20,0,0,1,NaN,9,69,11.69
7.1,view.js,1,16,6.25,1,5,20,0,0,1,NaN,9,69,11.69
7.8,view.js,1,16,6.25,1,5,20,0,0,1,NaN,9,69,11.69
8.5,view.js,1,16,6.25,1,5,20,0,0,1,NaN,9,69,11.69
9.2,view.js,1,16,6.25,1,5,20,0,0,1,NaN,9,69,11.69
9.9,view.js,1,16,6.25,1,5,20,0,0,1,NaN,9,69,11.69
10.6,view.js,1,16,6.25,1,5,20,0,0,1,NaN,9,69,11.69
11.3,view.js,1,16,6.25,1,5,20,0,0,1,NaN,9,69,11.69
12,view.js,1,16,6.25,1,5,20,0,0,1,NaN,9,69,11.69
12.6,view.js,1,16,6.25,1,5,20,0,0,1,NaN,9,69,11.69
13.3,view.js,1,16,6.25,1,5,20,0,0,1,NaN,9,69,11.69
14,view.js,1,16,6.25,1,5,20,0,0,1,NaN,9,69,11.69
14.6,view.js,1,16,6.25,1,5,20,0,0,1,NaN,9,69,11.69
15.3,view.js,1,16,6.25,1,5,20,0,0,1,NaN,9,69,11.69
15.9,view.js,1,16,6.25,1,5,20,0,0,1,NaN,9,69,11.69
16.6,view.js,1,16,6.25,1,5,20,0,0,1,NaN,9,69,11.69
17.2,view.js,1,16,6.25,1,5,20,0,0,1,NaN,9,69,11.69
17.9,view.js,1,16,6.25,1,5,20,0,0,1,NaN,9,69,11.69
18.6,view.js,1,16,6.25,1,5,20,0,0,1,NaN,9,69,11.69
19.2,view.js,1,16,6.25,1,5,20,0,0,1,NaN,9,69,11.69
19.9,view.js,1,16,6.25,1,5,20,0,0,1,NaN,9,69,11.69
20.6,view.js,1,16,6.25,1,5,20,0,0,1,NaN,9,69,11.69
21.2,view.js,1,16,6.25,1,5,20,0,0,1,NaN,9,69,11.69
21.9,view.js,1,16,6.25,1,5,20,0,0,1,NaN,9,69,11.69
22.5,view.js,1,16,6.25,1,5,20,0,0,1,NaN,9,69,11.69
24.3,view.js,1,16,6.25,1,5,20,0,0,1,NaN,9,69,11.69
25,view.js,1,16,6.25,1,5,20,0,0,1,NaN,9,69,11.69
25.7,view.js,1,16,6.25,1,5,20,0,0,1,NaN,9,69,11.69
26.4,view.js,1,16,6.25,1,5,20,0,0,1,NaN,9,69,11.69
27.1,view.js,1,16,6.25,1,5,20,0,0,1,NaN,9,69,11.69
27.8,view.js,1,16,6.25,1,5,20,0,0,1,NaN,9,69,11.69
28.5,view.js,1,16,6.25,1,5,20,0,0,1,NaN,9,69,11.69
29.2,view.js,1,16,6.25,1,5,20,0,0,1,NaN,9,69,11.69
29.9,view.js,1,16,6.25,1,5,20,0,0,1,NaN,9,69,11.69
30.6,view.js,1,16,6.25,1,5,20,0,0,1,NaN,9,69,11.69
31.3,view.js,1,16,6.25,1,5,20,0,0,1,NaN,9,69,11.69
32,view.js,1,16,6.25,1,5,20,0,0,1,NaN,9,69,11.69
32.7,view.js,1,16,6.25,1,5,20,0,0,1,NaN,9,69,11.69
33.3,view.js,1,16,6.25,1,5,20,0,0,1,NaN,9,69,11.69
34,view.js,1,16,6.25,1,5,20,0,0,1,NaN,9,69,11.69
34.6,view.js,1,16,6.25,1,5,20,0,0,1,NaN,9,69,11.69
35.3,view.js,1,16,6.25,1,5,20,0,0,1,NaN,9,69,11.69
36,view.js,1,16,6.25,1,5,20,0,0,1,NaN,9,69,11.69
36.7,view.js,1,16,6.25,1,5,20,0,0,1,NaN,9,69,11.69
37.4,view.js,1,16,6.25,1,5,20,0,0,1,NaN,9,69,11.69
38,view.js,1,16,6.25,1,5,20,0,0,1,NaN,9,69,11.69
38.7,view.js,1,16,6.25,1,5,20,0,0,1,NaN,9,69,11.69
39.3,view.js,1,16,6.25,1,5,20,0,0,1,NaN,9,69,11.69
40,view.js,1,16,6.25,1,5,20,0,0,1,NaN,9,69,11.69
40.7,view.js,1,16,6.25,1,5,20,0,0,1,NaN,9,69,11.69
41.3,view.js,1,16,6.25,1,5,20,0,0,1,NaN,9,69,11.69
42,view.js,1,16,6.25,1,5,20,0,0,1,NaN,9,69,11.69
42.7,view.js,1,16,6.25,1,5,20,0,0,1,NaN,9,69,11.69
43.4,view.js,1,16,6.25,1,5,20,0,0,1,NaN,9,69,11.69
44.1,view.js,1,16,6.25,1,5,20,0,0,1,NaN,9,69,11.69
45.9,view.js,1,16,6.25,1,5,20,0,0,1,NaN,9,69,11.69
46.6,view.js,1,16,6.25,1,5,20,0,0,1,NaN,9,69,11.69
47.4,view.js,1,16,6.25,1,5,20,0,0,1,NaN,9,69,11.69
48,view.js,1,16,6.25,1,5,20,0,0,1,NaN,9,69,11.69
48.7,view.js,1,16,6.25,1,5,20,0,0,1,NaN,9,69,11.69
49.4,view.js,1,16,6.25,1,5,20,0,0,1,NaN,9,69,11.69
50.1,view.js,1,16,6.25,1,5,20,0,0,1,NaN,9,69,11.69
50.8,view.js,1,16,6.25,1,5,20,0,0,1,NaN,9,69,11.69
51.5,view.js,1,16,6.25,1,5,20,0,0,1,NaN,9,69,11.69
52.2,view.js,1,16,6.25,1,5,20,0,0,1,NaN,9,69,11.69
52.9,view.js,1,16,6.25,1,5,20,0,0,1,NaN,9,69,11.69
53.6,view.js,1,16,6.25,1,5,20,0,0,1,NaN,9,69,11.69
54.3,view.js,1,16,6.25,1,5,20,0,0,1,NaN,9,69,11.69
55,view.js,1,16,6.25,1,5,20,0,0,1,NaN,9,69,11.69
55.8,view.js,1,16,6.25,1,5,20,0,0,1,NaN,9,69,11.69
56.5,view.js,1,16,6.25,1,5,20,0,0,1,NaN,9,69,11.69
57.2,view.js,1,16,6.25,1,5,20,0,0,1,NaN,9,69,11.69
57.9,view.js,1,16,6.25,1,5,20,0,0,1,NaN,9,69,11.69
58.5,view.js,1,16,6.25,1,5,20,0,0,1,NaN,9,69,11.69
59.2,view.js,1,16,6.25,1,5,20,0,0,1,NaN,9,69,11.69
59.9,view.js,1,16,6.25,1,5,20,0,0,1,NaN,9,69,11.69
60.6,view.js,1,16,6.25,1,5,20,0,0,1,NaN,9,69,11.69
0,init.js,0,0,NaN,0,0,NaN,0,0,0,NaN,0,0,NaN
0.5,init.js,0,2,0,1,1,50,0,0,0,NaN,2,13,13.33
1.1,init.js,0,2,0,1,1,50,0,0,0,NaN,2,13,13.33
1.7,init.js,0,2,0,1,1,50,0,0,0,NaN,2,13,13.33
2.3,init.js,0,2,0,1,1,50,0,0,0,NaN,2,13,13.33
2.9,init.js,0,2,0,1,1,50,0,0,0,NaN,2,13,13.33
3.5,init.js,0,2,0,1,1,50,0,0,0,NaN,2,13,13.33
4.1,init.js,0,2,0,1,1,50,0,0,0,NaN,2,13,13.33
4.7,init.js,0,2,0,1,1,50,0,0,0,NaN,2,13,13.33
5.6,init.js,0,2,0,1,1,50,0,0,0,NaN,2,13,13.33
7,init.js,0,2,0,1,1,50,0,0,0,NaN,2,13,13.33
7.6,init.js,0,2,0,1,1,50,0,0,0,NaN,2,13,13.33
8.2,init.js,0,2,0,1,1,50,0,0,0,NaN,2,13,13.33
8.8,init.js,0,2,0,1,1,50,0,0,0,NaN,2,13,13.33
9.4,init.js,0,2,0,1,1,50,0,0,0,NaN,2,13,13.33
10,init.js,0,2,0,1,1,50,0,0,0,NaN,2,13,13.33
10.6,init.js,0,2,0,1,1,50,0,0,0,NaN,2,13,13.33
11.2,init.js,0,2,0,1,1,50,0,0,0,NaN,2,13,13.33
11.7,init.js,0,2,0,1,1,50,0,0,0,NaN,2,13,13.33
12.3,init.js,0,2,0,1,1,50,0,0,0,NaN,2,13,13.33
12.9,init.js,0,2,0,1,1,50,0,0,0,NaN,2,13,13.33
13.4,init.js,0,2,0,1,1,50,0,0,0,NaN,2,13,13.33
14,init.js,0,2,0,1,1,50,0,0,0,NaN,2,13,13.33
14.5,init.js,0,2,0,1,1,50,0,0,0,NaN,2,13,13.33
15.1,init.js,0,2,0,1,1,50,0,0,0,NaN,2,13,13.33
15.7,init.js,0,2,0,1,1,50,0,0,0,NaN,2,13,13.33
16.2,init.js,0,2,0,1,1,50,0,0,0,NaN,2,13,13.33
16.8,init.js,0,2,0,1,1,50,0,0,0,NaN,2,13,13.33
17.3,init.js,0,2,0,1,1,50,0,0,0,NaN,2,13,13.33
17.9,init.js,0,2,0,1,1,50,0,0,0,NaN,2,13,13.33
18.5,init.js,0,2,0,1,1,50,0,0,0,NaN,2,13,13.33
19.1,init.js,0,2,0,1,1,50,0,0,0,NaN,2,13,13.33
19.6,init.js,0,2,0,1,1,50,0,0,0,NaN,2,13,13.33
20.2,init.js,0,2,0,1,1,50,0,0,0,NaN,2,13,13.33
20.7,init.js,0,2,0,1,1,50,0,0,0,NaN,2,13,13.33
21.3,init.js,0,2,0,1,1,50,0,0,0,NaN,2,13,13.33
21.9,init.js,0,2,0,1,1,50,0,0,0,NaN,2,13,13.33
22.4,init.js,0,2,0,1,1,50,0,0,0,NaN,2,13,13.33
22.5,init.js,0,2,0,1,1,50,0,0,0,NaN,2,13,13.33
23,init.js,0,2,0,1,1,50,0,0,0,NaN,2,13,13.33
23.6,init.js,0,2,0,1,1,50,0,0,0,NaN,2,13,13.33
24.2,init.js,0,2,0,1,1,50,0,0,0,NaN,2,13,13.33
25.9,init.js,0,2,0,1,1,50,0,0,0,NaN,2,13,13.33
26.5,init.js,0,2,0,1,1,50,0,0,0,NaN,2,13,13.33
27.1,init.js,0,2,0,1,1,50,0,0,0,NaN,2,13,13.33
27.7,init.js,0,2,0,1,1,50,0,0,0,NaN,2,13,13.33
28.2,init.js,0,2,0,1,1,50,0,0,0,NaN,2,13,13.33
28.8,init.js,0,2,0,1,1,50,0,0,0,NaN,2,13,13.33
29.4,init.js,0,2,0,1,1,50,0,0,0,NaN,2,13,13.33
30,init.js,0,2,0,1,1,50,0,0,0,NaN,2,13,13.33
30.6,init.js,0,2,0,1,1,50,0,0,0,NaN,2,13,13.33
31.2,init.js,0,2,0,1,1,50,0,0,0,NaN,2,13,13.33
31.7,init.js,0,2,0,1,1,50,0,0,0,NaN,2,13,13.33
32.3,init.js,0,2,0,1,1,50,0,0,0,NaN,2,13,13.33
32.8,init.js,0,2,0,1,1,50,0,0,0,NaN,2,13,13.33
33.4,init.js,0,2,0,1,1,50,0,0,0,NaN,2,13,13.33
34,init.js,0,2,0,1,1,50,0,0,0,NaN,2,13,13.33
34.5,init.js,0,2,0,1,1,50,0,0,0,NaN,2,13,13.33
35.1,init.js,0,2,0,1,1,50,0,0,0,NaN,2,13,13.33
35.7,init.js,0,2,0,1,1,50,0,0,0,NaN,2,13,13.33
36.2,init.js,0,2,0,1,1,50,0,0,0,NaN,2,13,13.33
36.8,init.js,0,2,0,1,1,50,0,0,0,NaN,2,13,13.33
37.4,init.js,0,2,0,1,1,50,0,0,0,NaN,2,13,13.33
38,init.js,0,2,0,1,1,50,0,0,0,NaN,2,13,13.33
38.6,init.js,0,2,0,1,1,50,0,0,0,NaN,2,13,13.33
39.2,init.js,0,2,0,1,1,50,0,0,0,NaN,2,13,13.33
39.8,init.js,0,2,0,1,1,50,0,0,0,NaN,2,13,13.33
40.4,init.js,0,2,0,1,1,50,0,0,0,NaN,2,13,13.33
41,init.js,0,2,0,1,1,50,0,0,0,NaN,2,13,13.33
41.6,init.js,0,2,0,1,1,50,0,0,0,NaN,2,13,13.33
42.2,init.js,0,2,0,1,1,50,0,0,0,NaN,2,13,13.33
42.8,init.js,0,2,0,1,1,50,0,0,0,NaN,2,13,13.33
44.6,init.js,0,2,0,1,1,50,0,0,0,NaN,2,13,13.33
45.2,init.js,0,2,0,1,1,50,0,0,0,NaN,2,13,13.33
45.7,init.js,0,2,0,1,1,50,0,0,0,NaN,2,13,13.33
46.3,init.js,0,2,0,1,1,50,0,0,0,NaN,2,13,13.33
46.9,init.js,0,2,0,1,1,50,0,0,0,NaN,2,13,13.33
47.4,init.js,0,2,0,1,1,50,0,0,0,NaN,2,13,13.33
48,init.js,0,2,0,1,1,50,0,0,0,NaN,2,13,13.33
48.6,init.js,0,2,0,1,1,50,0,0,0,NaN,2,13,13.33
49.2,init.js,0,2,0,1,1,50,0,0,0,NaN,2,13,13.33
49.7,init.js,0,2,0,1,1,50,0,0,0,NaN,2,13,13.33
50.3,init.js,0,2,0,1,1,50,0,0,0,NaN,2,13,13.33
50.9,init.js,0,2,0,1,1,50,0,0,0,NaN,2,13,13.33
51.4,init.js,0,2,0,1,1,50,0,0,0,NaN,2,13,13.33
52,init.js,0,2,0,1,1,50,0,0,0,NaN,2,13,13.33
52.6,init.js,0,2,0,1,1,50,0,0,0,NaN,2,13,13.33
53.2,init.js,0,2,0,1,1,50,0,0,0,NaN,2,13,13.33
53.7,init.js,0,2,0,1,1,50,0,0,0,NaN,2,13,13.33
54.3,init.js,0,2,0,1,1,50,0,0,0,NaN,2,13,13.33
54.9,init.js,0,2,0,1,1,50,0,0,0,NaN,2,13,13.33
55.5,init.js,0,2,0,1,1,50,0,0,0,NaN,2,13,13.33
56.1,init.js,0,2,0,1,1,50,0,0,0,NaN,2,13,13.33
56.7,init.js,0,2,0,1,1,50,0,0,0,NaN,2,13,13.33
57.3,init.js,0,2,0,1,1,50,0,0,0,NaN,2,13,13.33
57.9,init.js,0,2,0,1,1,50,0,0,0,NaN,2,13,13.33
58.5,init.js,0,2,0,1,1,50,0,0,0,NaN,2,13,13.33
59.2,init.js,0,2,0,1,1,50,0,0,0,NaN,2,13,13.33
59.8,init.js,0,2,0,1,1,50,0,0,0,NaN,2,13,13.33
60.4,init.js,0,2,0,1,1,50,0,0,0,NaN,2,13,13.33
60.6,init.js,0,2,0,1,1,50,0,0,0,NaN,2,13,13.33
0,query.js,0,0,NaN,0,0,NaN,0,0,0,NaN,0,0,NaN
0.6,query.js,4,6,66.67,1,5,50,0,0,4,NaN,13,15,54.17
2.4,query.js,4,6,66.67,1,5,50,0,0,4,NaN,13,15,54.17
3,query.js,4,6,66.67,1,5,50,0,0,4,NaN,13,15,54.17
3.6,query.js,4,6,66.67,1,5,50,0,0,4,NaN,13,15,54.17
4.2,query.js,4,6,66.67,1,5,50,0,0,4,NaN,13,15,54.17
4.9,query.js,4,6,66.67,1,5,50,0,0,4,NaN,13,15,54.17
5.5,query.js,4,6,66.67,1,5,50,0,0,4,NaN,13,15,54.17
6.1,query.js,4,6,66.67,1,5,50,0,0,4,NaN,13,15,54.17
6.7,query.js,4,6,66.67,1,5,50,0,0,4,NaN,13,15,54.17
7.2,query.js,4,6,66.67,1,5,50,0,0,4,NaN,13,15,54.17
7.8,query.js,4,6,66.67,1,5,50,0,0,4,NaN,13,15,54.17
8.4,query.js,4,6,66.67,1,5,50,0,0,4,NaN,13,15,54.17
9,query.js,4,6,66.67,1,5,50,0,0,4,NaN,13,15,54.17
9.6,query.js,4,6,66.67,1,5,50,0,0,4,NaN,13,15,54.17
10.2,query.js,4,6,66.67,1,5,50,0,0,4,NaN,13,15,54.17
10.8,query.js,4,6,66.67,1,5,50,0,0,4,NaN,13,15,54.17
11.3,query.js,4,6,66.67,1,5,50,0,0,4,NaN,13,15,54.17
11.9,query.js,4,6,66.67,1,5,50,0,0,4,NaN,13,15,54.17
12.5,query.js,4,6,66.67,1,5,50,0,0,4,NaN,13,15,54.17
13.1,query.js,4,6,66.67,1,5,50,0,0,4,NaN,13,15,54.17
13.7,query.js,4,6,66.67,1,5,50,0,0,4,NaN,13,15,54.17
14.3,query.js,4,6,66.67,1,5,50,0,0,4,NaN,13,15,54.17
14.8,query.js,4,6,66.67,1,5,50,0,0,4,NaN,13,15,54.17
14.9,query.js,4,6,66.67,1,5,50,0,0,4,NaN,13,15,54.17
15.4,query.js,4,6,66.67,1,5,50,0,0,4,NaN,13,15,54.17
16,query.js,4,6,66.67,1,5,50,0,0,4,NaN,13,15,54.17
16.1,query.js,4,6,66.67,1,5,50,0,0,4,NaN,13,15,54.17
16.6,query.js,4,6,66.67,1,5,50,0,0,4,NaN,13,15,54.17
17.2,query.js,4,6,66.67,1,5,50,0,0,4,NaN,13,15,54.17
17.8,query.js,4,6,66.67,1,5,50,0,0,4,NaN,13,15,54.17
18.4,query.js,4,6,66.67,1,5,50,0,0,4,NaN,13,15,54.17
19,query.js,4,6,66.67,1,5,50,0,0,4,NaN,13,15,54.17
19.6,query.js,4,6,66.67,1,5,50,0,0,4,NaN,13,15,54.17
21.3,query.js,4,6,66.67,1,5,50,0,0,4,NaN,13,15,54.17
21.9,query.js,4,6,66.67,1,5,50,0,0,4,NaN,13,15,54.17
22.5,query.js,4,6,66.67,1,5,50,0,0,4,NaN,13,15,54.17
23.1,query.js,4,6,66.67,1,5,50,0,0,4,NaN,13,15,54.17
23.7,query.js,4,6,66.67,1,5,50,0,0,4,NaN,13,15,54.17
24.3,query.js,4,6,66.67,1,5,50,0,0,4,NaN,13,15,54.17
24.8,query.js,4,6,66.67,1,5,50,0,0,4,NaN,13,15,54.17
25.4,query.js,4,6,66.67,1,5,50,0,0,4,NaN,13,15,54.17
26,query.js,4,6,66.67,1,5,50,0,0,4,NaN,13,15,54.17
26.6,query.js,4,6,66.67,1,5,50,0,0,4,NaN,13,15,54.17
27.2,query.js,4,6,66.67,1,5,50,0,0,4,NaN,13,15,54.17
27.8,query.js,4,6,66.67,1,5,50,0,0,4,NaN,13,15,54.17
28.4,query.js,4,6,66.67,1,5,50,0,0,4,NaN,13,15,54.17
29,query.js,4,6,66.67,1,5,50,0,0,4,NaN,13,15,54.17
29.6,query.js,4,6,66.67,1,5,50,0,0,4,NaN,13,15,54.17
30.1,query.js,4,6,66.67,1,5,50,0,0,4,NaN,13,15,54.17
30.7,query.js,4,6,66.67,1,5,50,0,0,4,NaN,13,15,54.17
31.3,query.js,4,6,66.67,1,5,50,0,0,4,NaN,13,15,54.17
31.9,query.js,4,6,66.67,1,5,50,0,0,4,NaN,13,15,54.17
32.5,query.js,4,6,66.67,1,5,50,0,0,4,NaN,13,15,54.17
33.1,query.js,4,6,66.67,1,5,50,0,0,4,NaN,13,15,54.17
33.7,query.js,4,6,66.67,1,5,50,0,0,4,NaN,13,15,54.17
34.3,query.js,4,6,66.67,1,5,50,0,0,4,NaN,13,15,54.17
34.9,query.js,4,6,66.67,1,5,50,0,0,4,NaN,13,15,54.17
35.5,query.js,4,6,66.67,1,5,50,0,0,4,NaN,13,15,54.17
36.1,query.js,4,6,66.67,1,5,50,0,0,4,NaN,13,15,54.17
36.6,query.js,4,6,66.67,1,5,50,0,0,4,NaN,13,15,54.17
36.7,query.js,4,6,66.67,1,5,50,0,0,4,NaN,13,15,54.17
37.2,query.js,4,6,66.67,1,5,50,0,0,4,NaN,13,15,54.17
37.8,query.js,4,6,66.67,1,5,50,0,0,4,NaN,13,15,54.17
38.4,query.js,4,6,66.67,1,5,50,0,0,4,NaN,13,15,54.17
39,query.js,4,6,66.67,1,5,50,0,0,4,NaN,13,15,54.17
39.6,query.js,4,6,66.67,1,5,50,0,0,4,NaN,13,15,54.17
40.2,query.js,4,6,66.67,1,5,50,0,0,4,NaN,13,15,54.17
41.2,query.js,4,6,66.67,1,5,50,0,0,4,NaN,13,15,54.17
41.3,query.js,4,6,66.67,1,5,50,0,0,4,NaN,13,15,54.17
42.6,query.js,4,6,66.67,1,5,50,0,0,4,NaN,13,15,54.17
43.2,query.js,4,6,66.67,1,5,50,0,0,4,NaN,13,15,54.17
43.8,query.js,4,6,66.67,1,5,50,0,0,4,NaN,13,15,54.17
44.4,query.js,4,6,66.67,1,5,50,0,0,4,NaN,13,15,54.17
45,query.js,4,6,66.67,1,5,50,0,0,4,NaN,13,15,54.17
45.6,query.js,4,6,66.67,1,5,50,0,0,4,NaN,13,15,54.17
46.2,query.js,4,6,66.67,1,5,50,0,0,4,NaN,13,15,54.17
46.8,query.js,4,6,66.67,1,5,50,0,0,4,NaN,13,15,54.17
47.4,query.js,4,6,66.67,1,5,50,0,0,4,NaN,13,15,54.17
48,query.js,4,6,66.67,1,5,50,0,0,4,NaN,13,15,54.17
48.6,query.js,4,6,66.67,1,5,50,0,0,4,NaN,13,15,54.17
49.2,query.js,4,6,66.67,1,5,50,0,0,4,NaN,13,15,54.17
49.8,query.js,4,6,66.67,1,5,50,0,0,4,NaN,13,15,54.17
50.3,query.js,4,6,66.67,1,5,50,0,0,4,NaN,13,15,54.17
50.4,query.js,4,6,66.67,1,5,50,0,0,4,NaN,13,15,54.17
50.9,query.js,4,6,66.67,1,5,50,0,0,4,NaN,13,15,54.17
51,query.js,4,6,66.67,1,5,50,0,0,4,NaN,13,15,54.17
51.5,query.js,4,6,66.67,1,5,50,0,0,4,NaN,13,15,54.17
52.1,query.js,4,6,66.67,1,5,50,0,0,4,NaN,13,15,54.17
52.8,query.js,4,6,66.67,1,5,50,0,0,4,NaN,13,15,54.17
53.4,query.js,4,6,66.67,1,5,50,0,0,4,NaN,13,15,54.17
54.1,query.js,4,6,66.67,1,5,50,0,0,4,NaN,13,15,54.17
54.7,query.js,4,6,66.67,1,5,50,0,0,4,NaN,13,15,54.17
55.4,query.js,4,6,66.67,1,5,50,0,0,4,NaN,13,15,54.17
56,query.js,4,6,66.67,1,5,50,0,0,4,NaN,13,15,54.17
56.6,query.js,4,6,66.67,1,5,50,0,0,4,NaN,13,15,54.17
57.2,query.js,4,6,66.67,1,5,50,0,0,4,NaN,13,15,54.17
57.8,query.js,4,6,66.67,1,5,50,0,0,4,NaN,13,15,54.17
58.5,query.js,4,6,66.67,1,5,50,0,0,4,NaN,13,15,54.17
59.1,query.js,4,6,66.67,1,5,50,0,0,4,NaN,13,15,54.17
59.8,query.js,4,6,66.67,1,5,50,0,0,4,NaN,13,15,54.17
60.4,query.js,4,6,66.67,1,5,50,0,0,4,NaN,13,15,54.17
60.6,query.js,4,6,66.67,1,5,50,0,0,4,NaN,13,15,54.17
60.7,query.js,4,6,66.67,1,5,50,0,0,4,NaN,13,15,54.17
