TIME,SUBJECT,COVERED_BRANCHES,TOTAL_BRANCHES,BRANCH_COVERAGE,COVERED_FUNCTIONS,TOTAL_FUNCTIONS,FUNCTION_COVERAGE,COVERED_EXCEPTIONS,COVERED_PROBES,TOTAL_PROBES,PROBE_COVERAGE,COVERED_OBJECTIVES,TOTAL_OBJECTIVES,COVERAGE
0,articulationPoints.js,0,0,NaN,0,0,NaN,0,0,0,NaN,0,0,NaN
1.7,articulationPoints.js,0,12,0,1,6,14.29,0,0,0,NaN,5,42,10.64
2,articulationPoints.js,0,12,0,1,6,14.29,0,0,0,NaN,5,42,10.64
2.3,articulationPoints.js,0,12,0,1,6,14.29,0,0,0,NaN,5,42,10.64
2.6,articulationPoints.js,0,12,0,1,6,14.29,0,0,0,NaN,5,42,10.64
2.9,articulationPoints.js,0,12,0,1,6,14.29,0,0,0,NaN,5,42,10.64
3.2,articulationPoints.js,0,12,0,1,6,14.29,0,0,0,NaN,5,42,10.64
3.5,articulationPoints.js,0,12,0,1,6,14.29,0,0,0,NaN,5,42,10.64
4,articulationPoints.js,1,12,8.33,3,5,42.86,0,0,1,NaN,16,32,34.04
0,bellmanFord.js,0,0,NaN,0,0,NaN,0,0,0,NaN,0,0,NaN
0.4,bellmanFord.js,0,6,0,1,3,25,0,0,0,NaN,5,23,17.86
0.7,bellmanFord.js,0,6,0,1,3,25,0,0,0,NaN,5,23,17.86
1,bellmanFord.js,0,6,0,1,3,25,0,0,0,NaN,5,23,17.86
1.3,bellmanFord.js,0,6,0,1,3,25,0,0,0,NaN,5,23,17.86
1.6,bellmanFord.js,0,6,0,1,3,25,0,0,0,NaN,5,23,17.86
2.1,bellmanFord.js,2,6,33.33,2,4,50,0,0,2,NaN,13,17,46.43
2.5,bellmanFord.js,2,6,33.33,2,4,50,0,0,2,NaN,13,17,46.43
2.9,bellmanFord.js,2,6,33.33,2,4,50,0,0,2,NaN,13,17,46.43
3.3,bellmanFord.js,2,6,33.33,2,4,50,0,0,2,NaN,13,17,46.43
3.7,bellmanFord.js,2,6,33.33,2,4,50,0,0,2,NaN,13,17,46.43
4.3,bellmanFord.js,2,6,33.33,2,4,50,0,0,2,NaN,13,17,46.43
4.9,bellmanFord.js,2,6,33.33,2,4,50,0,0,2,NaN,13,17,46.43
5.5,bellmanFord.js,2,6,33.33,2,4,50,0,0,2,NaN,13,17,46.43
6,bellmanFord.js,2,6,33.33,2,4,50,0,0,2,NaN,13,17,46.43
6.4,bellmanFord.js,2,6,33.33,2,4,50,0,0,2,NaN,13,17,46.43
6.9,bellmanFord.js,2,6,33.33,2,4,50,0,0,2,NaN,13,17,46.43
7.4,bellmanFord.js,2,6,33.33,2,4,50,0,0,2,NaN,13,17,46.43
7.9,bellmanFord.js,2,6,33.33,2,4,50,0,0,2,NaN,13,17,46.43
8.3,bellmanFord.js,2,6,33.33,2,4,50,0,0,2,NaN,13,17,46.43
8.8,bellmanFord.js,2,6,33.33,2,4,50,0,0,2,NaN,13,17,46.43
9.3,bellmanFord.js,2,6,33.33,2,4,50,0,0,2,NaN,13,17,46.43
9.7,bellmanFord.js,2,6,33.33,2,4,50,0,0,2,NaN,13,17,46.43
10.2,bellmanFord.js,2,6,33.33,2,4,50,0,0,2,NaN,13,17,46.43
10.6,bellmanFord.js,2,6,33.33,2,4,50,0,0,2,NaN,13,17,46.43
11.1,bellmanFord.js,2,6,33.33,2,4,50,0,0,2,NaN,13,17,46.43
11.5,bellmanFord.js,2,6,33.33,2,4,50,0,0,2,NaN,13,17,46.43
11.8,bellmanFord.js,2,6,33.33,2,4,50,0,0,2,NaN,13,17,46.43
12.3,bellmanFord.js,2,6,33.33,2,4,50,0,0,2,NaN,13,17,46.43
12.8,bellmanFord.js,2,6,33.33,2,4,50,0,0,2,NaN,13,17,46.43
13.3,bellmanFord.js,2,6,33.33,2,4,50,0,0,2,NaN,13,17,46.43
13.8,bellmanFord.js,2,6,33.33,2,4,50,0,0,2,NaN,13,17,46.43
14.2,bellmanFord.js,2,6,33.33,2,4,50,0,0,2,NaN,13,17,46.43
14.7,bellmanFord.js,2,6,33.33,2,4,50,0,0,2,NaN,13,17,46.43
15.2,bellmanFord.js,2,6,33.33,2,4,50,0,0,2,NaN,13,17,46.43
15.7,bellmanFord.js,2,6,33.33,2,4,50,0,0,2,NaN,13,17,46.43
16.1,bellmanFord.js,2,6,33.33,2,4,50,0,0,2,NaN,13,17,46.43
16.6,bellmanFord.js,2,6,33.33,2,4,50,0,0,2,NaN,13,17,46.43
17.7,bellmanFord.js,2,6,33.33,2,4,50,0,0,2,NaN,13,17,46.43
18.1,bellmanFord.js,2,6,33.33,2,4,50,0,0,2,NaN,13,17,46.43
18.6,bellmanFord.js,2,6,33.33,2,4,50,0,0,2,NaN,13,17,46.43
19.1,bellmanFord.js,2,6,33.33,2,4,50,0,0,2,NaN,13,17,46.43
19.5,bellmanFord.js,2,6,33.33,2,4,50,0,0,2,NaN,13,17,46.43
20,bellmanFord.js,2,6,33.33,2,4,50,0,0,2,NaN,13,17,46.43
20.5,bellmanFord.js,2,6,33.33,2,4,50,0,0,2,NaN,13,17,46.43
21,bellmanFord.js,2,6,33.33,2,4,50,0,0,2,NaN,13,17,46.43
21.5,bellmanFord.js,2,6,33.33,2,4,50,0,0,2,NaN,13,17,46.43
21.9,bellmanFord.js,2,6,33.33,2,4,50,0,0,2,NaN,13,17,46.43
22.4,bellmanFord.js,2,6,33.33,2,4,50,0,0,2,NaN,13,17,46.43
22.8,bellmanFord.js,2,6,33.33,2,4,50,0,0,2,NaN,13,17,46.43
23.4,bellmanFord.js,2,6,33.33,2,4,50,0,0,2,NaN,13,17,46.43
23.9,bellmanFord.js,2,6,33.33,2,4,50,0,0,2,NaN,13,17,46.43
24.3,bellmanFord.js,2,6,33.33,2,4,50,0,0,2,NaN,13,17,46.43
24.4,bellmanFord.js,2,6,33.33,2,4,50,0,0,2,NaN,13,17,46.43
25,bellmanFord.js,2,6,33.33,2,4,50,0,0,2,NaN,13,17,46.43
25.5,bellmanFord.js,2,6,33.33,2,4,50,0,0,2,NaN,13,17,46.43
26.1,bellmanFord.js,2,6,33.33,2,4,50,0,0,2,NaN,13,17,46.43
26.6,bellmanFord.js,2,6,33.33,2,4,50,0,0,2,NaN,13,17,46.43
27.2,bellmanFord.js,2,6,33.33,2,4,50,0,0,2,NaN,13,17,46.43
27.6,bellmanFord.js,2,6,33.33,2,4,50,0,0,2,NaN,13,17,46.43
28.1,bellmanFord.js,2,6,33.33,2,4,50,0,0,2,NaN,13,17,46.43
28.5,bellmanFord.js,2,6,33.33,2,4,50,0,0,2,NaN,13,17,46.43
29,bellmanFord.js,2,6,33.33,2,4,50,0,0,2,NaN,13,17,46.43
29.4,bellmanFord.js,2,6,33.33,2,4,50,0,0,2,NaN,13,17,46.43
29.9,bellmanFord.js,2,6,33.33,2,4,50,0,0,2,NaN,13,17,46.43
30.4,bellmanFord.js,2,6,33.33,2,4,50,0,0,2,NaN,13,17,46.43
30.9,bellmanFord.js,2,6,33.33,2,4,50,0,0,2,NaN,13,17,46.43
31.3,bellmanFord.js,2,6,33.33,2,4,50,0,0,2,NaN,13,17,46.43
31.8,bellmanFord.js,2,6,33.33,2,4,50,0,0,2,NaN,13,17,46.43
32.2,bellmanFord.js,2,6,33.33,2,4,50,0,0,2,NaN,13,17,46.43
32.7,bellmanFord.js,2,6,33.33,2,4,50,0,0,2,NaN,13,17,46.43
33.1,bellmanFord.js,2,6,33.33,2,4,50,0,0,2,NaN,13,17,46.43
33.6,bellmanFord.js,2,6,33.33,2,4,50,0,0,2,NaN,13,17,46.43
34,bellmanFord.js,2,6,33.33,2,4,50,0,0,2,NaN,13,17,46.43
34.5,bellmanFord.js,2,6,33.33,2,4,50,0,0,2,NaN,13,17,46.43
35,bellmanFord.js,2,6,33.33,2,4,50,0,0,2,NaN,13,17,46.43
35.3,bellmanFord.js,2,6,33.33,2,4,50,0,0,2,NaN,13,17,46.43
35.8,bellmanFord.js,2,6,33.33,2,4,50,0,0,2,NaN,13,17,46.43
36.4,bellmanFord.js,2,6,33.33,2,4,50,0,0,2,NaN,13,17,46.43
36.8,bellmanFord.js,2,6,33.33,2,4,50,0,0,2,NaN,13,17,46.43
37.2,bellmanFord.js,2,6,33.33,2,4,50,0,0,2,NaN,13,17,46.43
37.7,bellmanFord.js,2,6,33.33,2,4,50,0,0,2,NaN,13,17,46.43
38.3,bellmanFord.js,2,6,33.33,2,4,50,0,0,2,NaN,13,17,46.43
38.9,bellmanFord.js,2,6,33.33,2,4,50,0,0,2,NaN,13,17,46.43
39.5,bellmanFord.js,3,6,50,3,4,75,0,0,3,NaN,18,13,64.29
40,bellmanFord.js,3,6,50,3,4,75,0,0,3,NaN,18,13,64.29
40.5,bellmanFord.js,3,6,50,3,4,75,0,0,3,NaN,18,13,64.29
40.9,bellmanFord.js,3,6,50,3,4,75,0,0,3,NaN,18,13,64.29
41.4,bellmanFord.js,3,6,50,3,4,75,0,0,3,NaN,18,13,64.29
41.9,bellmanFord.js,3,6,50,3,4,75,0,0,3,NaN,18,13,64.29
42.4,bellmanFord.js,3,6,50,3,4,75,0,0,3,NaN,18,13,64.29
42.8,bellmanFord.js,3,6,50,3,4,75,0,0,3,NaN,18,13,64.29
43.3,bellmanFord.js,3,6,50,3,4,75,0,0,3,NaN,18,13,64.29
43.7,bellmanFord.js,3,6,50,3,4,75,0,0,3,NaN,18,13,64.29
43.8,bellmanFord.js,3,6,50,3,4,75,0,0,3,NaN,18,13,64.29
44.2,bellmanFord.js,3,6,50,3,4,75,0,0,3,NaN,18,13,64.29
45.3,bellmanFord.js,3,6,50,3,4,75,0,0,3,NaN,18,13,64.29
45.8,bellmanFord.js,3,6,50,3,4,75,0,0,3,NaN,18,13,64.29
46.3,bellmanFord.js,3,6,50,3,4,75,0,0,3,NaN,18,13,64.29
46.7,bellmanFord.js,3,6,50,3,4,75,0,0,3,NaN,18,13,64.29
47.2,bellmanFord.js,3,6,50,3,4,75,0,0,3,NaN,18,13,64.29
47.7,bellmanFord.js,3,6,50,3,4,75,0,0,3,NaN,18,13,64.29
48.2,bellmanFord.js,3,6,50,3,4,75,0,0,3,NaN,18,13,64.29
48.7,bellmanFord.js,3,6,50,3,4,75,0,0,3,NaN,18,13,64.29
49.2,bellmanFord.js,3,6,50,3,4,75,0,0,3,NaN,18,13,64.29
49.7,bellmanFord.js,3,6,50,3,4,75,0,0,3,NaN,18,13,64.29
50.1,bellmanFord.js,3,6,50,3,4,75,0,0,3,NaN,18,13,64.29
50.6,bellmanFord.js,3,6,50,3,4,75,0,0,3,NaN,18,13,64.29
51.1,bellmanFord.js,3,6,50,3,4,75,0,0,3,NaN,18,13,64.29
51.5,bellmanFord.js,3,6,50,3,4,75,0,0,3,NaN,18,13,64.29
52,bellmanFord.js,3,6,50,3,4,75,0,0,3,NaN,18,13,64.29
52.5,bellmanFord.js,3,6,50,3,4,75,0,0,3,NaN,18,13,64.29
53,bellmanFord.js,3,6,50,3,4,75,0,0,3,NaN,18,13,64.29
53.5,bellmanFord.js,3,6,50,3,4,75,0,0,3,NaN,18,13,64.29
54,bellmanFord.js,3,6,50,3,4,75,0,0,3,NaN,18,13,64.29
54.5,bellmanFord.js,3,6,50,3,4,75,0,0,3,NaN,18,13,64.29
55,bellmanFord.js,3,6,50,3,4,75,0,0,3,NaN,18,13,64.29
55.5,bellmanFord.js,3,6,50,3,4,75,0,0,3,NaN,18,13,64.29
55.9,bellmanFord.js,3,6,50,3,4,75,0,0,3,NaN,18,13,64.29
56.4,bellmanFord.js,3,6,50,3,4,75,0,0,3,NaN,18,13,64.29
56.9,bellmanFord.js,3,6,50,3,4,75,0,0,3,NaN,18,13,64.29
57.4,bellmanFord.js,3,6,50,3,4,75,0,0,3,NaN,18,13,64.29
57.9,bellmanFord.js,3,6,50,3,4,75,0,0,3,NaN,18,13,64.29
58.3,bellmanFord.js,3,6,50,3,4,75,0,0,3,NaN,18,13,64.29
58.8,bellmanFord.js,3,6,50,3,4,75,0,0,3,NaN,18,13,64.29
59.3,bellmanFord.js,3,6,50,3,4,75,0,0,3,NaN,18,13,64.29
59.7,bellmanFord.js,3,6,50,3,4,75,0,0,3,NaN,18,13,64.29
60.2,bellmanFord.js,3,6,50,3,4,75,0,0,3,NaN,18,13,64.29
60.4,bellmanFord.js,3,6,50,3,4,75,0,0,3,NaN,18,13,64.29
0,breadthFirstSearch.js,0,0,NaN,0,0,NaN,0,0,0,NaN,0,0,NaN
0.4,breadthFirstSearch.js,1,8,12.5,6,1,100,0,0,1,NaN,26,14,66.67
0.8,breadthFirstSearch.js,1,8,12.5,6,1,100,0,0,1,NaN,26,14,66.67
1.1,breadthFirstSearch.js,1,8,12.5,6,1,100,0,0,1,NaN,26,14,66.67
1.4,breadthFirstSearch.js,1,8,12.5,6,1,100,0,0,1,NaN,26,14,66.67
1.9,breadthFirstSearch.js,1,8,12.5,6,1,100,0,0,1,NaN,26,14,66.67
2.3,breadthFirstSearch.js,2,8,25,6,2,100,0,0,2,NaN,29,12,74.36
2.7,breadthFirstSearch.js,2,8,25,6,2,100,0,0,2,NaN,29,12,74.36
3.1,breadthFirstSearch.js,2,8,25,6,2,100,0,0,2,NaN,29,12,74.36
3.5,breadthFirstSearch.js,2,8,25,6,2,100,0,0,2,NaN,29,12,74.36
3.9,breadthFirstSearch.js,2,8,25,6,2,100,0,0,2,NaN,29,12,74.36
4.9,breadthFirstSearch.js,2,8,25,6,2,100,0,0,2,NaN,29,12,74.36
5.3,breadthFirstSearch.js,2,8,25,6,2,100,0,0,2,NaN,29,12,74.36
5.7,breadthFirstSearch.js,2,8,25,6,2,100,0,0,2,NaN,29,12,74.36
6.1,breadthFirstSearch.js,2,8,25,6,2,100,0,0,2,NaN,29,12,74.36
6.5,breadthFirstSearch.js,2,8,25,6,2,100,0,0,2,NaN,29,12,74.36
6.9,breadthFirstSearch.js,2,8,25,6,2,100,0,0,2,NaN,29,12,74.36
7.3,breadthFirstSearch.js,2,8,25,6,2,100,0,0,2,NaN,29,12,74.36
7.7,breadthFirstSearch.js,2,8,25,6,2,100,0,0,2,NaN,29,12,74.36
8.1,breadthFirstSearch.js,2,8,25,6,2,100,0,0,2,NaN,29,12,74.36
8.5,breadthFirstSearch.js,2,8,25,6,2,100,0,0,2,NaN,29,12,74.36
8.9,breadthFirstSearch.js,2,8,25,6,2,100,0,0,2,NaN,29,12,74.36
9.3,breadthFirstSearch.js,2,8,25,6,2,100,0,0,2,NaN,29,12,74.36
9.7,breadthFirstSearch.js,2,8,25,6,2,100,0,0,2,NaN,29,12,74.36
10.1,breadthFirstSearch.js,2,8,25,6,2,100,0,0,2,NaN,29,12,74.36
10.5,breadthFirstSearch.js,2,8,25,6,2,100,0,0,2,NaN,29,12,74.36
10.9,breadthFirstSearch.js,2,8,25,6,2,100,0,0,2,NaN,29,12,74.36
11.3,breadthFirstSearch.js,2,8,25,6,2,100,0,0,2,NaN,29,12,74.36
11.7,breadthFirstSearch.js,2,8,25,6,2,100,0,0,2,NaN,29,12,74.36
12.1,breadthFirstSearch.js,2,8,25,6,2,100,0,0,2,NaN,29,12,74.36
12.5,breadthFirstSearch.js,2,8,25,6,2,100,0,0,2,NaN,29,12,74.36
12.9,breadthFirstSearch.js,2,8,25,6,2,100,0,0,2,NaN,29,12,74.36
13.3,breadthFirstSearch.js,2,8,25,6,2,100,0,0,2,NaN,29,12,74.36
13.8,breadthFirstSearch.js,2,8,25,6,2,100,0,0,2,NaN,29,12,74.36
14.2,breadthFirstSearch.js,2,8,25,6,2,100,0,0,2,NaN,29,12,74.36
14.6,breadthFirstSearch.js,2,8,25,6,2,100,0,0,2,NaN,29,12,74.36
15,breadthFirstSearch.js,2,8,25,6,2,100,0,0,2,NaN,29,12,74.36
15.4,breadthFirstSearch.js,2,8,25,6,2,100,0,0,2,NaN,29,12,74.36
15.8,breadthFirstSearch.js,2,8,25,6,2,100,0,0,2,NaN,29,12,74.36
16.2,breadthFirstSearch.js,2,8,25,6,2,100,0,0,2,NaN,29,12,74.36
16.6,breadthFirstSearch.js,2,8,25,6,2,100,0,0,2,NaN,29,12,74.36
17,breadthFirstSearch.js,2,8,25,6,2,100,0,0,2,NaN,29,12,74.36
17.4,breadthFirstSearch.js,2,8,25,6,2,100,0,0,2,NaN,29,12,74.36
17.8,breadthFirstSearch.js,2,8,25,6,2,100,0,0,2,NaN,29,12,74.36
18.1,breadthFirstSearch.js,2,8,25,6,2,100,0,0,2,NaN,29,12,74.36
18.5,breadthFirstSearch.js,2,8,25,6,2,100,0,0,2,NaN,29,12,74.36
18.9,breadthFirstSearch.js,2,8,25,6,2,100,0,0,2,NaN,29,12,74.36
19.3,breadthFirstSearch.js,2,8,25,6,2,100,0,0,2,NaN,29,12,74.36
19.6,breadthFirstSearch.js,2,8,25,6,2,100,0,0,2,NaN,29,12,74.36
20,breadthFirstSearch.js,2,8,25,6,2,100,0,0,2,NaN,29,12,74.36
20.4,breadthFirstSearch.js,2,8,25,6,2,100,0,0,2,NaN,29,12,74.36
20.8,breadthFirstSearch.js,2,8,25,6,2,100,0,0,2,NaN,29,12,74.36
21.2,breadthFirstSearch.js,2,8,25,6,2,100,0,0,2,NaN,29,12,74.36
21.6,breadthFirstSearch.js,2,8,25,6,2,100,0,0,2,NaN,29,12,74.36
22,breadthFirstSearch.js,2,8,25,6,2,100,0,0,2,NaN,29,12,74.36
22.4,breadthFirstSearch.js,2,8,25,6,2,100,0,0,2,NaN,29,12,74.36
22.8,breadthFirstSearch.js,2,8,25,6,2,100,0,0,2,NaN,29,12,74.36
23.2,breadthFirstSearch.js,2,8,25,6,2,100,0,0,2,NaN,29,12,74.36
23.6,breadthFirstSearch.js,2,8,25,6,2,100,0,0,2,NaN,29,12,74.36
24,breadthFirstSearch.js,2,8,25,6,2,100,0,0,2,NaN,29,12,74.36
24.4,breadthFirstSearch.js,2,8,25,6,2,100,0,0,2,NaN,29,12,74.36
24.9,breadthFirstSearch.js,2,8,25,6,2,100,0,0,2,NaN,29,12,74.36
25.3,breadthFirstSearch.js,2,8,25,6,2,100,0,0,2,NaN,29,12,74.36
25.7,breadthFirstSearch.js,2,8,25,6,2,100,0,0,2,NaN,29,12,74.36
26.1,breadthFirstSearch.js,2,8,25,6,2,100,0,0,2,NaN,29,12,74.36
26.5,breadthFirstSearch.js,2,8,25,6,2,100,0,0,2,NaN,29,12,74.36
26.9,breadthFirstSearch.js,2,8,25,6,2,100,0,0,2,NaN,29,12,74.36
27.9,breadthFirstSearch.js,2,8,25,6,2,100,0,0,2,NaN,29,12,74.36
28.4,breadthFirstSearch.js,2,8,25,6,2,100,0,0,2,NaN,29,12,74.36
28.8,breadthFirstSearch.js,2,8,25,6,2,100,0,0,2,NaN,29,12,74.36
29.1,breadthFirstSearch.js,2,8,25,6,2,100,0,0,2,NaN,29,12,74.36
29.5,breadthFirstSearch.js,2,8,25,6,2,100,0,0,2,NaN,29,12,74.36
30,breadthFirstSearch.js,2,8,25,6,2,100,0,0,2,NaN,29,12,74.36
30.4,breadthFirstSearch.js,2,8,25,6,2,100,0,0,2,NaN,29,12,74.36
30.8,breadthFirstSearch.js,2,8,25,6,2,100,0,0,2,NaN,29,12,74.36
31.2,breadthFirstSearch.js,2,8,25,6,2,100,0,0,2,NaN,29,12,74.36
31.6,breadthFirstSearch.js,2,8,25,6,2,100,0,0,2,NaN,29,12,74.36
32,breadthFirstSearch.js,2,8,25,6,2,100,0,0,2,NaN,29,12,74.36
32.4,breadthFirstSearch.js,2,8,25,6,2,100,0,0,2,NaN,29,12,74.36
32.8,breadthFirstSearch.js,2,8,25,6,2,100,0,0,2,NaN,29,12,74.36
33.2,breadthFirstSearch.js,2,8,25,6,2,100,0,0,2,NaN,29,12,74.36
33.6,breadthFirstSearch.js,2,8,25,6,2,100,0,0,2,NaN,29,12,74.36
34,breadthFirstSearch.js,2,8,25,6,2,100,0,0,2,NaN,29,12,74.36
34.4,breadthFirstSearch.js,2,8,25,6,2,100,0,0,2,NaN,29,12,74.36
34.8,breadthFirstSearch.js,2,8,25,6,2,100,0,0,2,NaN,29,12,74.36
35.2,breadthFirstSearch.js,2,8,25,6,2,100,0,0,2,NaN,29,12,74.36
35.6,breadthFirstSearch.js,2,8,25,6,2,100,0,0,2,NaN,29,12,74.36
36,breadthFirstSearch.js,2,8,25,6,2,100,0,0,2,NaN,29,12,74.36
36.4,breadthFirstSearch.js,2,8,25,6,2,100,0,0,2,NaN,29,12,74.36
36.8,breadthFirstSearch.js,2,8,25,6,2,100,0,0,2,NaN,29,12,74.36
37.2,breadthFirstSearch.js,2,8,25,6,2,100,0,0,2,NaN,29,12,74.36
37.6,breadthFirstSearch.js,2,8,25,6,2,100,0,0,2,NaN,29,12,74.36
38,breadthFirstSearch.js,2,8,25,6,2,100,0,0,2,NaN,29,12,74.36
38.4,breadthFirstSearch.js,2,8,25,6,2,100,0,0,2,NaN,29,12,74.36
38.8,breadthFirstSearch.js,2,8,25,6,2,100,0,0,2,NaN,29,12,74.36
39.2,breadthFirstSearch.js,2,8,25,6,2,100,0,0,2,NaN,29,12,74.36
39.6,breadthFirstSearch.js,2,8,25,6,2,100,0,0,2,NaN,29,12,74.36
40,breadthFirstSearch.js,2,8,25,6,2,100,0,0,2,NaN,29,12,74.36
40.5,breadthFirstSearch.js,2,8,25,6,2,100,0,0,2,NaN,29,12,74.36
40.9,breadthFirstSearch.js,2,8,25,6,2,100,0,0,2,NaN,29,12,74.36
41.3,breadthFirstSearch.js,2,8,25,6,2,100,0,0,2,NaN,29,12,74.36
41.6,breadthFirstSearch.js,2,8,25,6,2,100,0,0,2,NaN,29,12,74.36
41.7,breadthFirstSearch.js,2,8,25,6,2,100,0,0,2,NaN,29,12,74.36
42.1,breadthFirstSearch.js,2,8,25,6,2,100,0,0,2,NaN,29,12,74.36
42.4,breadthFirstSearch.js,2,8,25,6,2,100,0,0,2,NaN,29,12,74.36
42.8,breadthFirstSearch.js,2,8,25,6,2,100,0,0,2,NaN,29,12,74.36
43.2,breadthFirstSearch.js,2,8,25,6,2,100,0,0,2,NaN,29,12,74.36
43.6,breadthFirstSearch.js,2,8,25,6,2,100,0,0,2,NaN,29,12,74.36
44,breadthFirstSearch.js,2,8,25,6,2,100,0,0,2,NaN,29,12,74.36
44.4,breadthFirstSearch.js,2,8,25,6,2,100,0,0,2,NaN,29,12,74.36
44.8,breadthFirstSearch.js,2,8,25,6,2,100,0,0,2,NaN,29,12,74.36
45.2,breadthFirstSearch.js,2,8,25,6,2,100,0,0,2,NaN,29,12,74.36
45.5,breadthFirstSearch.js,2,8,25,6,2,100,0,0,2,NaN,29,12,74.36
45.9,breadthFirstSearch.js,2,8,25,6,2,100,0,0,2,NaN,29,12,74.36
46.3,breadthFirstSearch.js,2,8,25,6,2,100,0,0,2,NaN,29,12,74.36
46.7,breadthFirstSearch.js,2,8,25,6,2,100,0,0,2,NaN,29,12,74.36
47.1,breadthFirstSearch.js,2,8,25,6,2,100,0,0,2,NaN,29,12,74.36
47.5,breadthFirstSearch.js,2,8,25,6,2,100,0,0,2,NaN,29,12,74.36
47.9,breadthFirstSearch.js,2,8,25,6,2,100,0,0,2,NaN,29,12,74.36
48.9,breadthFirstSearch.js,2,8,25,6,2,100,0,0,2,NaN,29,12,74.36
49.3,breadthFirstSearch.js,2,8,25,6,2,100,0,0,2,NaN,29,12,74.36
49.7,breadthFirstSearch.js,2,8,25,6,2,100,0,0,2,NaN,29,12,74.36
50.1,breadthFirstSearch.js,2,8,25,6,2,100,0,0,2,NaN,29,12,74.36
50.5,breadthFirstSearch.js,2,8,25,6,2,100,0,0,2,NaN,29,12,74.36
50.9,breadthFirstSearch.js,2,8,25,6,2,100,0,0,2,NaN,29,12,74.36
51.3,breadthFirstSearch.js,2,8,25,6,2,100,0,0,2,NaN,29,12,74.36
51.6,breadthFirstSearch.js,2,8,25,6,2,100,0,0,2,NaN,29,12,74.36
52,breadthFirstSearch.js,2,8,25,6,2,100,0,0,2,NaN,29,12,74.36
52.5,breadthFirstSearch.js,2,8,25,6,2,100,0,0,2,NaN,29,12,74.36
52.8,breadthFirstSearch.js,2,8,25,6,2,100,0,0,2,NaN,29,12,74.36
53.2,breadthFirstSearch.js,2,8,25,6,2,100,0,0,2,NaN,29,12,74.36
53.6,breadthFirstSearch.js,2,8,25,6,2,100,0,0,2,NaN,29,12,74.36
54,breadthFirstSearch.js,2,8,25,6,2,100,0,0,2,NaN,29,12,74.36
54.4,breadthFirstSearch.js,2,8,25,6,2,100,0,0,2,NaN,29,12,74.36
54.8,breadthFirstSearch.js,2,8,25,6,2,100,0,0,2,NaN,29,12,74.36
55.2,breadthFirstSearch.js,2,8,25,6,2,100,0,0,2,NaN,29,12,74.36
55.6,breadthFirstSearch.js,2,8,25,6,2,100,0,0,2,NaN,29,12,74.36
56,breadthFirstSearch.js,2,8,25,6,2,100,0,0,2,NaN,29,12,74.36
56.4,breadthFirstSearch.js,2,8,25,6,2,100,0,0,2,NaN,29,12,74.36
56.8,breadthFirstSearch.js,2,8,25,6,2,100,0,0,2,NaN,29,12,74.36
57.1,breadthFirstSearch.js,2,8,25,6,2,100,0,0,2,NaN,29,12,74.36
57.6,breadthFirstSearch.js,2,8,25,6,2,100,0,0,2,NaN,29,12,74.36
58,breadthFirstSearch.js,2,8,25,6,2,100,0,0,2,NaN,29,12,74.36
58.3,breadthFirstSearch.js,2,8,25,6,2,100,0,0,2,NaN,29,12,74.36
58.7,breadthFirstSearch.js,2,8,25,6,2,100,0,0,2,NaN,29,12,74.36
59.1,breadthFirstSearch.js,2,8,25,6,2,100,0,0,2,NaN,29,12,74.36
59.5,breadthFirstSearch.js,2,8,25,6,2,100,0,0,2,NaN,29,12,74.36
59.9,breadthFirstSearch.js,2,8,25,6,2,100,0,0,2,NaN,29,12,74.36
60.3,breadthFirstSearch.js,2,8,25,6,2,100,0,0,2,NaN,29,12,74.36
60.4,breadthFirstSearch.js,2,8,25,6,2,100,0,0,2,NaN,29,12,74.36
0,graphBridges.js,0,0,NaN,0,0,NaN,0,0,0,NaN,0,0,NaN
0.4,graphBridges.js,0,8,0,2,5,28.57,0,0,0,NaN,10,31,24.39
0.7,graphBridges.js,0,8,0,2,5,28.57,0,0,0,NaN,10,31,24.39
1,graphBridges.js,0,8,0,2,5,28.57,0,0,0,NaN,10,31,24.39
1.3,graphBridges.js,0,8,0,2,5,28.57,0,0,0,NaN,10,31,24.39
1.6,graphBridges.js,0,8,0,2,5,28.57,0,0,0,NaN,10,31,24.39
1.9,graphBridges.js,0,8,0,2,5,28.57,0,0,0,NaN,10,31,24.39
2.2,graphBridges.js,0,8,0,2,5,28.57,0,0,0,NaN,10,31,24.39
2.5,graphBridges.js,0,8,0,2,5,28.57,0,0,0,NaN,10,31,24.39
2.8,graphBridges.js,0,8,0,2,5,28.57,0,0,0,NaN,10,31,24.39
3.3,graphBridges.js,0,8,0,3,4,42.86,0,0,0,NaN,13,28,31.71
0,depthFirstSearch.js,0,0,NaN,0,0,NaN,0,0,0,NaN,0,0,NaN
0.3,depthFirstSearch.js,0,6,0,5,2,71.43,0,0,0,NaN,18,15,54.55
0.6,depthFirstSearch.js,0,6,0,5,2,71.43,0,0,0,NaN,18,15,54.55
0.9,depthFirstSearch.js,0,6,0,5,2,71.43,0,0,0,NaN,18,15,54.55
1.3,depthFirstSearch.js,0,6,0,5,2,71.43,0,0,0,NaN,18,15,54.55
1.6,depthFirstSearch.js,0,6,0,5,2,71.43,0,0,0,NaN,18,15,54.55
1.9,depthFirstSearch.js,0,6,0,5,2,71.43,0,0,0,NaN,18,15,54.55
2.2,depthFirstSearch.js,0,6,0,5,2,71.43,0,0,0,NaN,18,15,54.55
2.5,depthFirstSearch.js,0,6,0,5,2,71.43,0,0,0,NaN,18,15,54.55
2.8,depthFirstSearch.js,0,6,0,5,2,71.43,0,0,0,NaN,18,15,54.55
3.2,depthFirstSearch.js,0,6,0,5,2,71.43,0,0,0,NaN,18,15,54.55
3.5,depthFirstSearch.js,0,6,0,5,2,71.43,0,0,0,NaN,18,15,54.55
3.8,depthFirstSearch.js,0,6,0,5,2,71.43,0,0,0,NaN,18,15,54.55
4.2,depthFirstSearch.js,0,6,0,5,2,71.43,0,0,0,NaN,18,15,54.55
4.5,depthFirstSearch.js,0,6,0,5,2,71.43,0,0,0,NaN,18,15,54.55
4.8,depthFirstSearch.js,0,6,0,5,2,71.43,0,0,0,NaN,18,15,54.55
5.1,depthFirstSearch.js,0,6,0,5,2,71.43,0,0,0,NaN,18,15,54.55
5.4,depthFirstSearch.js,0,6,0,5,2,71.43,0,0,0,NaN,18,15,54.55
5.7,depthFirstSearch.js,0,6,0,5,2,71.43,0,0,0,NaN,18,15,54.55
6.1,depthFirstSearch.js,0,6,0,5,2,71.43,0,0,0,NaN,18,15,54.55
6.4,depthFirstSearch.js,0,6,0,5,2,71.43,0,0,0,NaN,18,15,54.55
6.7,depthFirstSearch.js,0,6,0,5,2,71.43,0,0,0,NaN,18,15,54.55
7,depthFirstSearch.js,0,6,0,5,2,71.43,0,0,0,NaN,18,15,54.55
7.4,depthFirstSearch.js,0,6,0,5,2,71.43,0,0,0,NaN,18,15,54.55
7.7,depthFirstSearch.js,0,6,0,5,2,71.43,0,0,0,NaN,18,15,54.55
8,depthFirstSearch.js,0,6,0,5,2,71.43,0,0,0,NaN,18,15,54.55
8.3,depthFirstSearch.js,0,6,0,5,2,71.43,0,0,0,NaN,18,15,54.55
8.7,depthFirstSearch.js,0,6,0,5,2,71.43,0,0,0,NaN,18,15,54.55
9,depthFirstSearch.js,0,6,0,5,2,71.43,0,0,0,NaN,18,15,54.55
9.3,depthFirstSearch.js,0,6,0,5,2,71.43,0,0,0,NaN,18,15,54.55
9.6,depthFirstSearch.js,0,6,0,5,2,71.43,0,0,0,NaN,18,15,54.55
9.9,depthFirstSearch.js,0,6,0,5,2,71.43,0,0,0,NaN,18,15,54.55
10.2,depthFirstSearch.js,0,6,0,5,2,71.43,0,0,0,NaN,18,15,54.55
10.5,depthFirstSearch.js,0,6,0,5,2,71.43,0,0,0,NaN,18,15,54.55
10.8,depthFirstSearch.js,0,6,0,5,2,71.43,0,0,0,NaN,18,15,54.55
11.1,depthFirstSearch.js,0,6,0,5,2,71.43,0,0,0,NaN,18,15,54.55
11.4,depthFirstSearch.js,0,6,0,5,2,71.43,0,0,0,NaN,18,15,54.55
11.7,depthFirstSearch.js,0,6,0,5,2,71.43,0,0,0,NaN,18,15,54.55
12.1,depthFirstSearch.js,0,6,0,5,2,71.43,0,0,0,NaN,18,15,54.55
12.4,depthFirstSearch.js,0,6,0,5,2,71.43,0,0,0,NaN,18,15,54.55
13.4,depthFirstSearch.js,0,6,0,5,2,71.43,0,0,0,NaN,18,15,54.55
13.7,depthFirstSearch.js,0,6,0,5,2,71.43,0,0,0,NaN,18,15,54.55
14,depthFirstSearch.js,0,6,0,5,2,71.43,0,0,0,NaN,18,15,54.55
14.3,depthFirstSearch.js,0,6,0,5,2,71.43,0,0,0,NaN,18,15,54.55
14.6,depthFirstSearch.js,0,6,0,5,2,71.43,0,0,0,NaN,18,15,54.55
14.9,depthFirstSearch.js,0,6,0,5,2,71.43,0,0,0,NaN,18,15,54.55
15.2,depthFirstSearch.js,0,6,0,5,2,71.43,0,0,0,NaN,18,15,54.55
15.5,depthFirstSearch.js,0,6,0,5,2,71.43,0,0,0,NaN,18,15,54.55
15.8,depthFirstSearch.js,0,6,0,5,2,71.43,0,0,0,NaN,18,15,54.55
16.1,depthFirstSearch.js,0,6,0,5,2,71.43,0,0,0,NaN,18,15,54.55
16.4,depthFirstSearch.js,0,6,0,5,2,71.43,0,0,0,NaN,18,15,54.55
16.7,depthFirstSearch.js,0,6,0,5,2,71.43,0,0,0,NaN,18,15,54.55
17,depthFirstSearch.js,0,6,0,5,2,71.43,0,0,0,NaN,18,15,54.55
17.4,depthFirstSearch.js,0,6,0,5,2,71.43,0,0,0,NaN,18,15,54.55
17.7,depthFirstSearch.js,0,6,0,5,2,71.43,0,0,0,NaN,18,15,54.55
18,depthFirstSearch.js,0,6,0,5,2,71.43,0,0,0,NaN,18,15,54.55
18.3,depthFirstSearch.js,0,6,0,5,2,71.43,0,0,0,NaN,18,15,54.55
18.6,depthFirstSearch.js,0,6,0,5,2,71.43,0,0,0,NaN,18,15,54.55
19,depthFirstSearch.js,0,6,0,5,2,71.43,0,0,0,NaN,18,15,54.55
19.3,depthFirstSearch.js,0,6,0,5,2,71.43,0,0,0,NaN,18,15,54.55
19.6,depthFirstSearch.js,0,6,0,5,2,71.43,0,0,0,NaN,18,15,54.55
19.9,depthFirstSearch.js,0,6,0,5,2,71.43,0,0,0,NaN,18,15,54.55
20.2,depthFirstSearch.js,0,6,0,5,2,71.43,0,0,0,NaN,18,15,54.55
20.5,depthFirstSearch.js,0,6,0,5,2,71.43,0,0,0,NaN,18,15,54.55
20.8,depthFirstSearch.js,0,6,0,5,2,71.43,0,0,0,NaN,18,15,54.55
21.1,depthFirstSearch.js,0,6,0,5,2,71.43,0,0,0,NaN,18,15,54.55
21.4,depthFirstSearch.js,0,6,0,5,2,71.43,0,0,0,NaN,18,15,54.55
21.7,depthFirstSearch.js,0,6,0,5,2,71.43,0,0,0,NaN,18,15,54.55
22,depthFirstSearch.js,0,6,0,5,2,71.43,0,0,0,NaN,18,15,54.55
22.3,depthFirstSearch.js,0,6,0,5,2,71.43,0,0,0,NaN,18,15,54.55
22.6,depthFirstSearch.js,0,6,0,5,2,71.43,0,0,0,NaN,18,15,54.55
22.9,depthFirstSearch.js,0,6,0,5,2,71.43,0,0,0,NaN,18,15,54.55
23.2,depthFirstSearch.js,0,6,0,5,2,71.43,0,0,0,NaN,18,15,54.55
23.5,depthFirstSearch.js,0,6,0,5,2,71.43,0,0,0,NaN,18,15,54.55
23.8,depthFirstSearch.js,0,6,0,5,2,71.43,0,0,0,NaN,18,15,54.55
24.1,depthFirstSearch.js,0,6,0,5,2,71.43,0,0,0,NaN,18,15,54.55
24.4,depthFirstSearch.js,0,6,0,5,2,71.43,0,0,0,NaN,18,15,54.55
24.7,depthFirstSearch.js,0,6,0,5,2,71.43,0,0,0,NaN,18,15,54.55
25,depthFirstSearch.js,0,6,0,5,2,71.43,0,0,0,NaN,18,15,54.55
25.3,depthFirstSearch.js,0,6,0,5,2,71.43,0,0,0,NaN,18,15,54.55
25.6,depthFirstSearch.js,0,6,0,5,2,71.43,0,0,0,NaN,18,15,54.55
25.9,depthFirstSearch.js,0,6,0,5,2,71.43,0,0,0,NaN,18,15,54.55
26.2,depthFirstSearch.js,0,6,0,5,2,71.43,0,0,0,NaN,18,15,54.55
26.6,depthFirstSearch.js,0,6,0,5,2,71.43,0,0,0,NaN,18,15,54.55
26.9,depthFirstSearch.js,0,6,0,5,2,71.43,0,0,0,NaN,18,15,54.55
27.2,depthFirstSearch.js,0,6,0,5,2,71.43,0,0,0,NaN,18,15,54.55
27.5,depthFirstSearch.js,0,6,0,5,2,71.43,0,0,0,NaN,18,15,54.55
27.8,depthFirstSearch.js,0,6,0,5,2,71.43,0,0,0,NaN,18,15,54.55
28.2,depthFirstSearch.js,0,6,0,5,2,71.43,0,0,0,NaN,18,15,54.55
28.5,depthFirstSearch.js,0,6,0,5,2,71.43,0,0,0,NaN,18,15,54.55
28.8,depthFirstSearch.js,0,6,0,5,2,71.43,0,0,0,NaN,18,15,54.55
29.1,depthFirstSearch.js,0,6,0,5,2,71.43,0,0,0,NaN,18,15,54.55
29.4,depthFirstSearch.js,0,6,0,5,2,71.43,0,0,0,NaN,18,15,54.55
29.7,depthFirstSearch.js,0,6,0,5,2,71.43,0,0,0,NaN,18,15,54.55
30,depthFirstSearch.js,0,6,0,5,2,71.43,0,0,0,NaN,18,15,54.55
30.3,depthFirstSearch.js,0,6,0,5,2,71.43,0,0,0,NaN,18,15,54.55
30.6,depthFirstSearch.js,0,6,0,5,2,71.43,0,0,0,NaN,18,15,54.55
30.9,depthFirstSearch.js,0,6,0,5,2,71.43,0,0,0,NaN,18,15,54.55
31.2,depthFirstSearch.js,0,6,0,5,2,71.43,0,0,0,NaN,18,15,54.55
31.5,depthFirstSearch.js,0,6,0,5,2,71.43,0,0,0,NaN,18,15,54.55
31.9,depthFirstSearch.js,0,6,0,5,2,71.43,0,0,0,NaN,18,15,54.55
32.2,depthFirstSearch.js,0,6,0,5,2,71.43,0,0,0,NaN,18,15,54.55
32.5,depthFirstSearch.js,0,6,0,5,2,71.43,0,0,0,NaN,18,15,54.55
32.9,depthFirstSearch.js,0,6,0,5,2,71.43,0,0,0,NaN,18,15,54.55
33.2,depthFirstSearch.js,0,6,0,5,2,71.43,0,0,0,NaN,18,15,54.55
33.5,depthFirstSearch.js,0,6,0,5,2,71.43,0,0,0,NaN,18,15,54.55
33.9,depthFirstSearch.js,0,6,0,5,2,71.43,0,0,0,NaN,18,15,54.55
34.2,depthFirstSearch.js,0,6,0,5,2,71.43,0,0,0,NaN,18,15,54.55
34.6,depthFirstSearch.js,0,6,0,5,2,71.43,0,0,0,NaN,18,15,54.55
34.9,depthFirstSearch.js,0,6,0,5,2,71.43,0,0,0,NaN,18,15,54.55
35.3,depthFirstSearch.js,0,6,0,5,2,71.43,0,0,0,NaN,18,15,54.55
35.6,depthFirstSearch.js,0,6,0,5,2,71.43,0,0,0,NaN,18,15,54.55
35.9,depthFirstSearch.js,0,6,0,5,2,71.43,0,0,0,NaN,18,15,54.55
36.3,depthFirstSearch.js,0,6,0,5,2,71.43,0,0,0,NaN,18,15,54.55
36.6,depthFirstSearch.js,0,6,0,5,2,71.43,0,0,0,NaN,18,15,54.55
37,depthFirstSearch.js,0,6,0,5,2,71.43,0,0,0,NaN,18,15,54.55
37.3,depthFirstSearch.js,0,6,0,5,2,71.43,0,0,0,NaN,18,15,54.55
37.6,depthFirstSearch.js,0,6,0,5,2,71.43,0,0,0,NaN,18,15,54.55
38,depthFirstSearch.js,0,6,0,5,2,71.43,0,0,0,NaN,18,15,54.55
38.3,depthFirstSearch.js,0,6,0,5,2,71.43,0,0,0,NaN,18,15,54.55
38.7,depthFirstSearch.js,0,6,0,5,2,71.43,0,0,0,NaN,18,15,54.55
39,depthFirstSearch.js,0,6,0,5,2,71.43,0,0,0,NaN,18,15,54.55
39.3,depthFirstSearch.js,0,6,0,5,2,71.43,0,0,0,NaN,18,15,54.55
39.6,depthFirstSearch.js,0,6,0,5,2,71.43,0,0,0,NaN,18,15,54.55
40,depthFirstSearch.js,0,6,0,5,2,71.43,0,0,0,NaN,18,15,54.55
40.3,depthFirstSearch.js,0,6,0,5,2,71.43,0,0,0,NaN,18,15,54.55
40.7,depthFirstSearch.js,0,6,0,5,2,71.43,0,0,0,NaN,18,15,54.55
41,depthFirstSearch.js,0,6,0,5,2,71.43,0,0,0,NaN,18,15,54.55
41.4,depthFirstSearch.js,0,6,0,5,2,71.43,0,0,0,NaN,18,15,54.55
41.7,depthFirstSearch.js,0,6,0,5,2,71.43,0,0,0,NaN,18,15,54.55
42.1,depthFirstSearch.js,0,6,0,5,2,71.43,0,0,0,NaN,18,15,54.55
42.4,depthFirstSearch.js,0,6,0,5,2,71.43,0,0,0,NaN,18,15,54.55
42.8,depthFirstSearch.js,0,6,0,5,2,71.43,0,0,0,NaN,18,15,54.55
43.1,depthFirstSearch.js,0,6,0,5,2,71.43,0,0,0,NaN,18,15,54.55
43.5,depthFirstSearch.js,0,6,0,5,2,71.43,0,0,0,NaN,18,15,54.55
43.8,depthFirstSearch.js,0,6,0,5,2,71.43,0,0,0,NaN,18,15,54.55
44.2,depthFirstSearch.js,0,6,0,5,2,71.43,0,0,0,NaN,18,15,54.55
44.5,depthFirstSearch.js,0,6,0,5,2,71.43,0,0,0,NaN,18,15,54.55
44.9,depthFirstSearch.js,0,6,0,5,2,71.43,0,0,0,NaN,18,15,54.55
45.3,depthFirstSearch.js,0,6,0,5,2,71.43,0,0,0,NaN,18,15,54.55
45.6,depthFirstSearch.js,0,6,0,5,2,71.43,0,0,0,NaN,18,15,54.55
46,depthFirstSearch.js,0,6,0,5,2,71.43,0,0,0,NaN,18,15,54.55
46.3,depthFirstSearch.js,0,6,0,5,2,71.43,0,0,0,NaN,18,15,54.55
46.7,depthFirstSearch.js,0,6,0,5,2,71.43,0,0,0,NaN,18,15,54.55
47,depthFirstSearch.js,0,6,0,5,2,71.43,0,0,0,NaN,18,15,54.55
47.4,depthFirstSearch.js,0,6,0,5,2,71.43,0,0,0,NaN,18,15,54.55
47.7,depthFirstSearch.js,0,6,0,5,2,71.43,0,0,0,NaN,18,15,54.55
48.1,depthFirstSearch.js,0,6,0,5,2,71.43,0,0,0,NaN,18,15,54.55
48.4,depthFirstSearch.js,0,6,0,5,2,71.43,0,0,0,NaN,18,15,54.55
48.8,depthFirstSearch.js,0,6,0,5,2,71.43,0,0,0,NaN,18,15,54.55
49.2,depthFirstSearch.js,0,6,0,5,2,71.43,0,0,0,NaN,18,15,54.55
49.5,depthFirstSearch.js,0,6,0,5,2,71.43,0,0,0,NaN,18,15,54.55
49.9,depthFirstSearch.js,0,6,0,5,2,71.43,0,0,0,NaN,18,15,54.55
50.2,depthFirstSearch.js,0,6,0,5,2,71.43,0,0,0,NaN,18,15,54.55
50.6,depthFirstSearch.js,0,6,0,5,2,71.43,0,0,0,NaN,18,15,54.55
50.9,depthFirstSearch.js,0,6,0,5,2,71.43,0,0,0,NaN,18,15,54.55
51.3,depthFirstSearch.js,0,6,0,5,2,71.43,0,0,0,NaN,18,15,54.55
51.7,depthFirstSearch.js,0,6,0,5,2,71.43,0,0,0,NaN,18,15,54.55
52,depthFirstSearch.js,0,6,0,5,2,71.43,0,0,0,NaN,18,15,54.55
52.4,depthFirstSearch.js,0,6,0,5,2,71.43,0,0,0,NaN,18,15,54.55
52.7,depthFirstSearch.js,0,6,0,5,2,71.43,0,0,0,NaN,18,15,54.55
53.1,depthFirstSearch.js,0,6,0,5,2,71.43,0,0,0,NaN,18,15,54.55
53.4,depthFirstSearch.js,0,6,0,5,2,71.43,0,0,0,NaN,18,15,54.55
53.8,depthFirstSearch.js,0,6,0,5,2,71.43,0,0,0,NaN,18,15,54.55
54.2,depthFirstSearch.js,0,6,0,5,2,71.43,0,0,0,NaN,18,15,54.55
54.5,depthFirstSearch.js,0,6,0,5,2,71.43,0,0,0,NaN,18,15,54.55
55.9,depthFirstSearch.js,0,6,0,5,2,71.43,0,0,0,NaN,18,15,54.55
56.3,depthFirstSearch.js,0,6,0,5,2,71.43,0,0,0,NaN,18,15,54.55
56.6,depthFirstSearch.js,0,6,0,5,2,71.43,0,0,0,NaN,18,15,54.55
57,depthFirstSearch.js,0,6,0,5,2,71.43,0,0,0,NaN,18,15,54.55
57.4,depthFirstSearch.js,0,6,0,5,2,71.43,0,0,0,NaN,18,15,54.55
57.7,depthFirstSearch.js,0,6,0,5,2,71.43,0,0,0,NaN,18,15,54.55
58.1,depthFirstSearch.js,0,6,0,5,2,71.43,0,0,0,NaN,18,15,54.55
58.4,depthFirstSearch.js,0,6,0,5,2,71.43,0,0,0,NaN,18,15,54.55
58.7,depthFirstSearch.js,0,6,0,5,2,71.43,0,0,0,NaN,18,15,54.55
59.1,depthFirstSearch.js,0,6,0,5,2,71.43,0,0,0,NaN,18,15,54.55
59.4,depthFirstSearch.js,0,6,0,5,2,71.43,0,0,0,NaN,18,15,54.55
59.7,depthFirstSearch.js,0,6,0,5,2,71.43,0,0,0,NaN,18,15,54.55
60.1,depthFirstSearch.js,0,6,0,5,2,71.43,0,0,0,NaN,18,15,54.55
60.3,depthFirstSearch.js,0,6,0,5,2,71.43,0,0,0,NaN,18,15,54.55
0,detectDirectedCycle.js,0,0,NaN,0,0,NaN,0,0,0,NaN,0,0,NaN
0.4,detectDirectedCycle.js,0,8,0,1,4,20,0,0,0,NaN,7,36,16.28
0.7,detectDirectedCycle.js,0,8,0,1,4,20,0,0,0,NaN,7,36,16.28
1.2,detectDirectedCycle.js,1,8,12.5,1,5,20,0,0,1,NaN,11,33,25.58
1.5,detectDirectedCycle.js,1,8,12.5,1,5,20,0,0,1,NaN,11,33,25.58
1.8,detectDirectedCycle.js,1,8,12.5,1,5,20,0,0,1,NaN,11,33,25.58
2.2,detectDirectedCycle.js,1,8,12.5,1,5,20,0,0,1,NaN,11,33,25.58
2.7,detectDirectedCycle.js,3,8,37.5,3,5,60,0,0,3,NaN,23,23,53.49
0,detectUndirectedCycle.js,0,0,NaN,0,0,NaN,0,0,0,NaN,0,0,NaN
0.4,detectUndirectedCycle.js,0,8,0,1,2,33.33,0,0,0,NaN,6,28,17.65
0,detectUndirectedCycleUsingDisjointSet.js,0,0,NaN,0,0,NaN,0,0,0,NaN,0,0,NaN
0.4,detectUndirectedCycleUsingDisjointSet.js,0,2,0,1,3,25,0,0,0,NaN,4,11,26.67
0.7,detectUndirectedCycleUsingDisjointSet.js,0,2,0,1,3,25,0,0,0,NaN,4,11,26.67
1.1,detectUndirectedCycleUsingDisjointSet.js,0,2,0,1,3,25,0,0,0,NaN,4,11,26.67
1.7,detectUndirectedCycleUsingDisjointSet.js,0,2,0,1,3,25,0,0,0,NaN,7,8,46.67
2,detectUndirectedCycleUsingDisjointSet.js,0,2,0,1,3,25,0,0,0,NaN,7,8,46.67
2.4,detectUndirectedCycleUsingDisjointSet.js,0,2,0,1,3,25,0,0,0,NaN,7,8,46.67
2.9,detectUndirectedCycleUsingDisjointSet.js,0,2,0,1,3,25,0,0,0,NaN,7,8,46.67
3.4,detectUndirectedCycleUsingDisjointSet.js,0,2,0,1,3,25,0,0,0,NaN,7,8,46.67
3.9,detectUndirectedCycleUsingDisjointSet.js,0,2,0,1,3,25,0,0,0,NaN,7,8,46.67
4.4,detectUndirectedCycleUsingDisjointSet.js,0,2,0,1,3,25,0,0,0,NaN,7,8,46.67
4.9,detectUndirectedCycleUsingDisjointSet.js,0,2,0,1,3,25,0,0,0,NaN,7,8,46.67
5.4,detectUndirectedCycleUsingDisjointSet.js,0,2,0,1,3,25,0,0,0,NaN,7,8,46.67
6,detectUndirectedCycleUsingDisjointSet.js,0,2,0,1,3,25,0,0,0,NaN,7,8,46.67
6.5,detectUndirectedCycleUsingDisjointSet.js,0,2,0,1,3,25,0,0,0,NaN,7,8,46.67
7,detectUndirectedCycleUsingDisjointSet.js,0,2,0,1,3,25,0,0,0,NaN,7,8,46.67
7.6,detectUndirectedCycleUsingDisjointSet.js,0,2,0,1,3,25,0,0,0,NaN,7,8,46.67
8.2,detectUndirectedCycleUsingDisjointSet.js,0,2,0,1,3,25,0,0,0,NaN,7,8,46.67
8.7,detectUndirectedCycleUsingDisjointSet.js,0,2,0,1,3,25,0,0,0,NaN,7,8,46.67
9.3,detectUndirectedCycleUsingDisjointSet.js,0,2,0,1,3,25,0,0,0,NaN,7,8,46.67
9.8,detectUndirectedCycleUsingDisjointSet.js,0,2,0,1,3,25,0,0,0,NaN,7,8,46.67
10.4,detectUndirectedCycleUsingDisjointSet.js,0,2,0,1,3,25,0,0,0,NaN,7,8,46.67
11,detectUndirectedCycleUsingDisjointSet.js,0,2,0,1,3,25,0,0,0,NaN,7,8,46.67
11.6,detectUndirectedCycleUsingDisjointSet.js,0,2,0,1,3,25,0,0,0,NaN,7,8,46.67
12.1,detectUndirectedCycleUsingDisjointSet.js,0,2,0,1,3,25,0,0,0,NaN,7,8,46.67
12.8,detectUndirectedCycleUsingDisjointSet.js,0,2,0,1,3,25,0,0,0,NaN,7,8,46.67
13.4,detectUndirectedCycleUsingDisjointSet.js,0,2,0,1,3,25,0,0,0,NaN,7,8,46.67
14,detectUndirectedCycleUsingDisjointSet.js,0,2,0,1,3,25,0,0,0,NaN,7,8,46.67
14.6,detectUndirectedCycleUsingDisjointSet.js,0,2,0,1,3,25,0,0,0,NaN,7,8,46.67
15.2,detectUndirectedCycleUsingDisjointSet.js,0,2,0,1,3,25,0,0,0,NaN,7,8,46.67
15.9,detectUndirectedCycleUsingDisjointSet.js,0,2,0,1,3,25,0,0,0,NaN,7,8,46.67
16.6,detectUndirectedCycleUsingDisjointSet.js,0,2,0,1,3,25,0,0,0,NaN,7,8,46.67
17.3,detectUndirectedCycleUsingDisjointSet.js,0,2,0,1,3,25,0,0,0,NaN,7,8,46.67
17.9,detectUndirectedCycleUsingDisjointSet.js,0,2,0,1,3,25,0,0,0,NaN,7,8,46.67
18.5,detectUndirectedCycleUsingDisjointSet.js,0,2,0,1,3,25,0,0,0,NaN,7,8,46.67
19.8,detectUndirectedCycleUsingDisjointSet.js,0,2,0,1,3,25,0,0,0,NaN,7,8,46.67
20.7,detectUndirectedCycleUsingDisjointSet.js,0,2,0,1,3,25,0,0,0,NaN,7,8,46.67
21.3,detectUndirectedCycleUsingDisjointSet.js,0,2,0,1,3,25,0,0,0,NaN,7,8,46.67
21.9,detectUndirectedCycleUsingDisjointSet.js,0,2,0,1,3,25,0,0,0,NaN,7,8,46.67
22.4,detectUndirectedCycleUsingDisjointSet.js,0,2,0,1,3,25,0,0,0,NaN,7,8,46.67
22.9,detectUndirectedCycleUsingDisjointSet.js,0,2,0,1,3,25,0,0,0,NaN,7,8,46.67
23.6,detectUndirectedCycleUsingDisjointSet.js,0,2,0,1,3,25,0,0,0,NaN,7,8,46.67
24.4,detectUndirectedCycleUsingDisjointSet.js,0,2,0,1,3,25,0,0,0,NaN,7,8,46.67
24.9,detectUndirectedCycleUsingDisjointSet.js,0,2,0,1,3,25,0,0,0,NaN,7,8,46.67
25.5,detectUndirectedCycleUsingDisjointSet.js,0,2,0,1,3,25,0,0,0,NaN,7,8,46.67
26,detectUndirectedCycleUsingDisjointSet.js,0,2,0,1,3,25,0,0,0,NaN,7,8,46.67
26.6,detectUndirectedCycleUsingDisjointSet.js,0,2,0,1,3,25,0,0,0,NaN,7,8,46.67
27.3,detectUndirectedCycleUsingDisjointSet.js,0,2,0,1,3,25,0,0,0,NaN,7,8,46.67
27.9,detectUndirectedCycleUsingDisjointSet.js,0,2,0,1,3,25,0,0,0,NaN,7,8,46.67
28.4,detectUndirectedCycleUsingDisjointSet.js,0,2,0,1,3,25,0,0,0,NaN,7,8,46.67
28.9,detectUndirectedCycleUsingDisjointSet.js,0,2,0,1,3,25,0,0,0,NaN,7,8,46.67
29.5,detectUndirectedCycleUsingDisjointSet.js,0,2,0,1,3,25,0,0,0,NaN,7,8,46.67
30.1,detectUndirectedCycleUsingDisjointSet.js,0,2,0,1,3,25,0,0,0,NaN,7,8,46.67
30.6,detectUndirectedCycleUsingDisjointSet.js,0,2,0,1,3,25,0,0,0,NaN,7,8,46.67
31.2,detectUndirectedCycleUsingDisjointSet.js,0,2,0,1,3,25,0,0,0,NaN,7,8,46.67
31.8,detectUndirectedCycleUsingDisjointSet.js,0,2,0,1,3,25,0,0,0,NaN,7,8,46.67
32.3,detectUndirectedCycleUsingDisjointSet.js,0,2,0,1,3,25,0,0,0,NaN,7,8,46.67
32.9,detectUndirectedCycleUsingDisjointSet.js,0,2,0,1,3,25,0,0,0,NaN,7,8,46.67
33.4,detectUndirectedCycleUsingDisjointSet.js,0,2,0,1,3,25,0,0,0,NaN,7,8,46.67
34,detectUndirectedCycleUsingDisjointSet.js,0,2,0,1,3,25,0,0,0,NaN,7,8,46.67
34.6,detectUndirectedCycleUsingDisjointSet.js,0,2,0,1,3,25,0,0,0,NaN,7,8,46.67
35.1,detectUndirectedCycleUsingDisjointSet.js,0,2,0,1,3,25,0,0,0,NaN,7,8,46.67
35.7,detectUndirectedCycleUsingDisjointSet.js,0,2,0,1,3,25,0,0,0,NaN,7,8,46.67
36.2,detectUndirectedCycleUsingDisjointSet.js,0,2,0,1,3,25,0,0,0,NaN,7,8,46.67
36.7,detectUndirectedCycleUsingDisjointSet.js,0,2,0,1,3,25,0,0,0,NaN,7,8,46.67
37.2,detectUndirectedCycleUsingDisjointSet.js,0,2,0,1,3,25,0,0,0,NaN,7,8,46.67
37.8,detectUndirectedCycleUsingDisjointSet.js,0,2,0,1,3,25,0,0,0,NaN,7,8,46.67
38.3,detectUndirectedCycleUsingDisjointSet.js,0,2,0,1,3,25,0,0,0,NaN,7,8,46.67
38.8,detectUndirectedCycleUsingDisjointSet.js,0,2,0,1,3,25,0,0,0,NaN,7,8,46.67
39.4,detectUndirectedCycleUsingDisjointSet.js,0,2,0,1,3,25,0,0,0,NaN,7,8,46.67
39.9,detectUndirectedCycleUsingDisjointSet.js,0,2,0,1,3,25,0,0,0,NaN,7,8,46.67
40.4,detectUndirectedCycleUsingDisjointSet.js,0,2,0,1,3,25,0,0,0,NaN,7,8,46.67
41,detectUndirectedCycleUsingDisjointSet.js,0,2,0,1,3,25,0,0,0,NaN,7,8,46.67
41.7,detectUndirectedCycleUsingDisjointSet.js,0,2,0,1,3,25,0,0,0,NaN,7,8,46.67
42.4,detectUndirectedCycleUsingDisjointSet.js,0,2,0,1,3,25,0,0,0,NaN,7,8,46.67
43,detectUndirectedCycleUsingDisjointSet.js,0,2,0,1,3,25,0,0,0,NaN,7,8,46.67
43.5,detectUndirectedCycleUsingDisjointSet.js,0,2,0,1,3,25,0,0,0,NaN,7,8,46.67
44.1,detectUndirectedCycleUsingDisjointSet.js,0,2,0,1,3,25,0,0,0,NaN,7,8,46.67
44.6,detectUndirectedCycleUsingDisjointSet.js,0,2,0,1,3,25,0,0,0,NaN,7,8,46.67
45.2,detectUndirectedCycleUsingDisjointSet.js,0,2,0,1,3,25,0,0,0,NaN,7,8,46.67
45.8,detectUndirectedCycleUsingDisjointSet.js,0,2,0,1,3,25,0,0,0,NaN,7,8,46.67
46.4,detectUndirectedCycleUsingDisjointSet.js,0,2,0,1,3,25,0,0,0,NaN,7,8,46.67
47,detectUndirectedCycleUsingDisjointSet.js,0,2,0,1,3,25,0,0,0,NaN,7,8,46.67
47.6,detectUndirectedCycleUsingDisjointSet.js,0,2,0,1,3,25,0,0,0,NaN,7,8,46.67
48.2,detectUndirectedCycleUsingDisjointSet.js,0,2,0,1,3,25,0,0,0,NaN,7,8,46.67
48.8,detectUndirectedCycleUsingDisjointSet.js,0,2,0,1,3,25,0,0,0,NaN,7,8,46.67
49.4,detectUndirectedCycleUsingDisjointSet.js,0,2,0,1,3,25,0,0,0,NaN,7,8,46.67
50,detectUndirectedCycleUsingDisjointSet.js,0,2,0,1,3,25,0,0,0,NaN,7,8,46.67
50.6,detectUndirectedCycleUsingDisjointSet.js,0,2,0,1,3,25,0,0,0,NaN,7,8,46.67
51.1,detectUndirectedCycleUsingDisjointSet.js,0,2,0,1,3,25,0,0,0,NaN,7,8,46.67
51.5,detectUndirectedCycleUsingDisjointSet.js,0,2,0,1,3,25,0,0,0,NaN,7,8,46.67
52.1,detectUndirectedCycleUsingDisjointSet.js,0,2,0,1,3,25,0,0,0,NaN,7,8,46.67
52.6,detectUndirectedCycleUsingDisjointSet.js,0,2,0,1,3,25,0,0,0,NaN,7,8,46.67
53.2,detectUndirectedCycleUsingDisjointSet.js,0,2,0,1,3,25,0,0,0,NaN,7,8,46.67
53.8,detectUndirectedCycleUsingDisjointSet.js,0,2,0,1,3,25,0,0,0,NaN,7,8,46.67
54.3,detectUndirectedCycleUsingDisjointSet.js,0,2,0,1,3,25,0,0,0,NaN,7,8,46.67
54.9,detectUndirectedCycleUsingDisjointSet.js,0,2,0,1,3,25,0,0,0,NaN,7,8,46.67
55.5,detectUndirectedCycleUsingDisjointSet.js,0,2,0,1,3,25,0,0,0,NaN,7,8,46.67
56.1,detectUndirectedCycleUsingDisjointSet.js,0,2,0,1,3,25,0,0,0,NaN,7,8,46.67
56.6,detectUndirectedCycleUsingDisjointSet.js,0,2,0,1,3,25,0,0,0,NaN,7,8,46.67
58.2,detectUndirectedCycleUsingDisjointSet.js,0,2,0,1,3,25,0,0,0,NaN,7,8,46.67
58.6,detectUndirectedCycleUsingDisjointSet.js,0,2,0,1,3,25,0,0,0,NaN,7,8,46.67
59.2,detectUndirectedCycleUsingDisjointSet.js,0,2,0,1,3,25,0,0,0,NaN,7,8,46.67
59.7,detectUndirectedCycleUsingDisjointSet.js,0,2,0,1,3,25,0,0,0,NaN,7,8,46.67
60.3,detectUndirectedCycleUsingDisjointSet.js,0,2,0,1,3,25,0,0,0,NaN,7,8,46.67
60.4,detectUndirectedCycleUsingDisjointSet.js,0,2,0,1,3,25,0,0,0,NaN,7,8,46.67
0,dijkstra.js,0,0,NaN,0,0,NaN,0,0,0,NaN,0,0,NaN
0.6,dijkstra.js,0,10,0,1,2,33.33,0,0,0,NaN,6,32,15.79
1,dijkstra.js,0,10,0,1,2,33.33,0,0,0,NaN,6,32,15.79
1.4,dijkstra.js,0,10,0,1,2,33.33,0,0,0,NaN,6,32,15.79
2.1,dijkstra.js,1,10,10,2,2,66.67,0,0,1,NaN,15,24,39.47
2.7,dijkstra.js,1,10,10,2,2,66.67,0,0,1,NaN,15,24,39.47
3.3,dijkstra.js,1,10,10,2,2,66.67,0,0,1,NaN,15,24,39.47
4,dijkstra.js,1,10,10,2,2,66.67,0,0,1,NaN,15,24,39.47
4.6,dijkstra.js,1,10,10,2,2,66.67,0,0,1,NaN,15,24,39.47
5.6,dijkstra.js,1,10,10,2,2,66.67,0,0,1,NaN,15,24,39.47
6.2,dijkstra.js,1,10,10,2,2,66.67,0,0,1,NaN,15,24,39.47
6.9,dijkstra.js,1,10,10,2,2,66.67,0,0,1,NaN,15,24,39.47
7.7,dijkstra.js,2,10,20,2,3,66.67,0,0,2,NaN,18,22,47.37
8.4,dijkstra.js,2,10,20,2,3,66.67,0,0,2,NaN,18,22,47.37
9,dijkstra.js,2,10,20,2,3,66.67,0,0,2,NaN,18,22,47.37
9.7,dijkstra.js,2,10,20,2,3,66.67,0,0,2,NaN,18,22,47.37
10.3,dijkstra.js,2,10,20,2,3,66.67,0,0,2,NaN,18,22,47.37
10.9,dijkstra.js,2,10,20,2,3,66.67,0,0,2,NaN,18,22,47.37
11.4,dijkstra.js,2,10,20,2,3,66.67,0,0,2,NaN,18,22,47.37
12,dijkstra.js,2,10,20,2,3,66.67,0,0,2,NaN,18,22,47.37
12.6,dijkstra.js,2,10,20,2,3,66.67,0,0,2,NaN,18,22,47.37
13.4,dijkstra.js,2,10,20,2,3,66.67,0,0,2,NaN,18,22,47.37
14.1,dijkstra.js,2,10,20,2,3,66.67,0,0,2,NaN,18,22,47.37
14.8,dijkstra.js,2,10,20,2,3,66.67,0,0,2,NaN,18,22,47.37
16.2,dijkstra.js,2,10,20,2,3,66.67,0,0,2,NaN,18,22,47.37
16.8,dijkstra.js,2,10,20,2,3,66.67,0,0,2,NaN,18,22,47.37
16.9,dijkstra.js,2,10,20,2,3,66.67,0,0,2,NaN,18,22,47.37
17.6,dijkstra.js,2,10,20,2,3,66.67,0,0,2,NaN,18,22,47.37
18.3,dijkstra.js,2,10,20,2,3,66.67,0,0,2,NaN,18,22,47.37
19.2,dijkstra.js,2,10,20,2,3,66.67,0,0,2,NaN,18,22,47.37
20,dijkstra.js,2,10,20,2,3,66.67,0,0,2,NaN,18,22,47.37
20.7,dijkstra.js,2,10,20,2,3,66.67,0,0,2,NaN,18,22,47.37
21.3,dijkstra.js,2,10,20,2,3,66.67,0,0,2,NaN,18,22,47.37
21.9,dijkstra.js,2,10,20,2,3,66.67,0,0,2,NaN,18,22,47.37
22.7,dijkstra.js,2,10,20,2,3,66.67,0,0,2,NaN,18,22,47.37
23.5,dijkstra.js,2,10,20,2,3,66.67,0,0,2,NaN,18,22,47.37
24.3,dijkstra.js,2,10,20,2,3,66.67,0,0,2,NaN,18,22,47.37
24.9,dijkstra.js,2,10,20,2,3,66.67,0,0,2,NaN,18,22,47.37
25.4,dijkstra.js,2,10,20,2,3,66.67,0,0,2,NaN,18,22,47.37
26.1,dijkstra.js,2,10,20,2,3,66.67,0,0,2,NaN,18,22,47.37
26.7,dijkstra.js,2,10,20,2,3,66.67,0,0,2,NaN,18,22,47.37
27.4,dijkstra.js,2,10,20,2,3,66.67,0,0,2,NaN,18,22,47.37
27.9,dijkstra.js,2,10,20,2,3,66.67,0,0,2,NaN,18,22,47.37
28.7,dijkstra.js,2,10,20,2,3,66.67,0,0,2,NaN,18,22,47.37
29.6,dijkstra.js,2,10,20,2,3,66.67,0,0,2,NaN,18,22,47.37
30.2,dijkstra.js,2,10,20,2,3,66.67,0,0,2,NaN,18,22,47.37
30.8,dijkstra.js,2,10,20,2,3,66.67,0,0,2,NaN,18,22,47.37
31.5,dijkstra.js,2,10,20,2,3,66.67,0,0,2,NaN,18,22,47.37
33.3,dijkstra.js,2,10,20,3,2,100,0,0,2,NaN,20,20,52.63
34.1,dijkstra.js,2,10,20,3,2,100,0,0,2,NaN,20,20,52.63
34.7,dijkstra.js,2,10,20,3,2,100,0,0,2,NaN,20,20,52.63
35.6,dijkstra.js,2,10,20,3,2,100,0,0,2,NaN,20,20,52.63
36.2,dijkstra.js,2,10,20,3,2,100,0,0,2,NaN,20,20,52.63
37.6,dijkstra.js,2,10,20,3,2,100,0,0,2,NaN,20,20,52.63
38.2,dijkstra.js,2,10,20,3,2,100,0,0,2,NaN,20,20,52.63
39,dijkstra.js,2,10,20,3,2,100,0,0,2,NaN,20,20,52.63
39.6,dijkstra.js,2,10,20,3,2,100,0,0,2,NaN,20,20,52.63
40.2,dijkstra.js,2,10,20,3,2,100,0,0,2,NaN,20,20,52.63
41,dijkstra.js,2,10,20,3,2,100,0,0,2,NaN,20,20,52.63
41.6,dijkstra.js,2,10,20,3,2,100,0,0,2,NaN,20,20,52.63
42.3,dijkstra.js,2,10,20,3,2,100,0,0,2,NaN,20,20,52.63
43.2,dijkstra.js,2,10,20,3,2,100,0,0,2,NaN,20,20,52.63
43.8,dijkstra.js,2,10,20,3,2,100,0,0,2,NaN,20,20,52.63
44.5,dijkstra.js,2,10,20,3,2,100,0,0,2,NaN,20,20,52.63
45.3,dijkstra.js,2,10,20,3,2,100,0,0,2,NaN,20,20,52.63
45.8,dijkstra.js,2,10,20,3,2,100,0,0,2,NaN,20,20,52.63
46.4,dijkstra.js,2,10,20,3,2,100,0,0,2,NaN,20,20,52.63
47,dijkstra.js,2,10,20,3,2,100,0,0,2,NaN,20,20,52.63
47.6,dijkstra.js,2,10,20,3,2,100,0,0,2,NaN,20,20,52.63
48,dijkstra.js,2,10,20,3,2,100,0,0,2,NaN,20,20,52.63
48.1,dijkstra.js,2,10,20,3,2,100,0,0,2,NaN,20,20,52.63
48.6,dijkstra.js,2,10,20,3,2,100,0,0,2,NaN,20,20,52.63
49.2,dijkstra.js,2,10,20,3,2,100,0,0,2,NaN,20,20,52.63
49.8,dijkstra.js,2,10,20,3,2,100,0,0,2,NaN,20,20,52.63
50.4,dijkstra.js,2,10,20,3,2,100,0,0,2,NaN,20,20,52.63
52.1,dijkstra.js,2,10,20,3,2,100,0,0,2,NaN,20,20,52.63
52.8,dijkstra.js,2,10,20,3,2,100,0,0,2,NaN,20,20,52.63
53.5,dijkstra.js,2,10,20,3,2,100,0,0,2,NaN,20,20,52.63
54.2,dijkstra.js,2,10,20,3,2,100,0,0,2,NaN,20,20,52.63
55,dijkstra.js,2,10,20,3,2,100,0,0,2,NaN,20,20,52.63
55.8,dijkstra.js,2,10,20,3,2,100,0,0,2,NaN,20,20,52.63
56.4,dijkstra.js,2,10,20,3,2,100,0,0,2,NaN,20,20,52.63
57,dijkstra.js,2,10,20,3,2,100,0,0,2,NaN,20,20,52.63
57.7,dijkstra.js,2,10,20,3,2,100,0,0,2,NaN,20,20,52.63
58.3,dijkstra.js,2,10,20,3,2,100,0,0,2,NaN,20,20,52.63
58.9,dijkstra.js,2,10,20,3,2,100,0,0,2,NaN,20,20,52.63
59.7,dijkstra.js,2,10,20,3,2,100,0,0,2,NaN,20,20,52.63
60.3,dijkstra.js,2,10,20,3,2,100,0,0,2,NaN,20,20,52.63
60.6,dijkstra.js,2,10,20,3,2,100,0,0,2,NaN,20,20,52.63
0,eulerianPath.js,0,0,NaN,0,0,NaN,0,0,0,NaN,0,0,NaN
0.6,eulerianPath.js,0,14,0,1,3,25,0,0,0,NaN,6,48,11.11
1,eulerianPath.js,0,14,0,1,3,25,0,0,0,NaN,6,48,11.11
1.4,eulerianPath.js,0,14,0,1,3,25,0,0,0,NaN,6,48,11.11
2,eulerianPath.js,3,14,21.43,2,5,50,0,0,3,NaN,21,36,38.89
2.4,eulerianPath.js,3,14,21.43,2,5,50,0,0,3,NaN,21,36,38.89
2.8,eulerianPath.js,3,14,21.43,2,5,50,0,0,3,NaN,21,36,38.89
3.4,eulerianPath.js,3,14,21.43,2,5,50,0,0,3,NaN,21,36,38.89
4,eulerianPath.js,3,14,21.43,2,5,50,0,0,3,NaN,21,36,38.89
4.6,eulerianPath.js,3,14,21.43,2,5,50,0,0,3,NaN,21,36,38.89
5.2,eulerianPath.js,3,14,21.43,2,5,50,0,0,3,NaN,21,36,38.89
5.8,eulerianPath.js,3,14,21.43,2,5,50,0,0,3,NaN,21,36,38.89
6.4,eulerianPath.js,3,14,21.43,2,5,50,0,0,3,NaN,21,36,38.89
7,eulerianPath.js,3,14,21.43,2,5,50,0,0,3,NaN,21,36,38.89
7.5,eulerianPath.js,3,14,21.43,2,5,50,0,0,3,NaN,21,36,38.89
8.1,eulerianPath.js,3,14,21.43,2,5,50,0,0,3,NaN,21,36,38.89
8.7,eulerianPath.js,3,14,21.43,2,5,50,0,0,3,NaN,21,36,38.89
9.3,eulerianPath.js,3,14,21.43,2,5,50,0,0,3,NaN,21,36,38.89
9.9,eulerianPath.js,3,14,21.43,2,5,50,0,0,3,NaN,21,36,38.89
10.5,eulerianPath.js,3,14,21.43,2,5,50,0,0,3,NaN,21,36,38.89
11,eulerianPath.js,3,14,21.43,2,5,50,0,0,3,NaN,21,36,38.89
11.7,eulerianPath.js,3,14,21.43,2,5,50,0,0,3,NaN,21,36,38.89
12.3,eulerianPath.js,3,14,21.43,2,5,50,0,0,3,NaN,21,36,38.89
13,eulerianPath.js,3,14,21.43,2,5,50,0,0,3,NaN,21,36,38.89
13.6,eulerianPath.js,3,14,21.43,2,5,50,0,0,3,NaN,21,36,38.89
14.3,eulerianPath.js,3,14,21.43,2,5,50,0,0,3,NaN,21,36,38.89
14.9,eulerianPath.js,3,14,21.43,2,5,50,0,0,3,NaN,21,36,38.89
15.5,eulerianPath.js,3,14,21.43,2,5,50,0,0,3,NaN,21,36,38.89
17.1,eulerianPath.js,3,14,21.43,2,5,50,0,0,3,NaN,21,36,38.89
17.7,eulerianPath.js,3,14,21.43,2,5,50,0,0,3,NaN,21,36,38.89
18.4,eulerianPath.js,3,14,21.43,2,5,50,0,0,3,NaN,21,36,38.89
19,eulerianPath.js,3,14,21.43,2,5,50,0,0,3,NaN,21,36,38.89
19.6,eulerianPath.js,3,14,21.43,2,5,50,0,0,3,NaN,21,36,38.89
20.2,eulerianPath.js,3,14,21.43,2,5,50,0,0,3,NaN,21,36,38.89
20.8,eulerianPath.js,3,14,21.43,2,5,50,0,0,3,NaN,21,36,38.89
21.3,eulerianPath.js,3,14,21.43,2,5,50,0,0,3,NaN,21,36,38.89
21.9,eulerianPath.js,3,14,21.43,2,5,50,0,0,3,NaN,21,36,38.89
22.4,eulerianPath.js,3,14,21.43,2,5,50,0,0,3,NaN,21,36,38.89
23,eulerianPath.js,3,14,21.43,2,5,50,0,0,3,NaN,21,36,38.89
23.5,eulerianPath.js,3,14,21.43,2,5,50,0,0,3,NaN,21,36,38.89
24,eulerianPath.js,3,14,21.43,2,5,50,0,0,3,NaN,21,36,38.89
24.5,eulerianPath.js,3,14,21.43,2,5,50,0,0,3,NaN,21,36,38.89
25,eulerianPath.js,3,14,21.43,2,5,50,0,0,3,NaN,21,36,38.89
25.6,eulerianPath.js,3,14,21.43,2,5,50,0,0,3,NaN,21,36,38.89
25.7,eulerianPath.js,3,14,21.43,2,5,50,0,0,3,NaN,21,36,38.89
26.2,eulerianPath.js,3,14,21.43,2,5,50,0,0,3,NaN,21,36,38.89
26.8,eulerianPath.js,3,14,21.43,2,5,50,0,0,3,NaN,21,36,38.89
27.5,eulerianPath.js,3,14,21.43,2,5,50,0,0,3,NaN,21,36,38.89
28.1,eulerianPath.js,3,14,21.43,2,5,50,0,0,3,NaN,21,36,38.89
28.7,eulerianPath.js,3,14,21.43,2,5,50,0,0,3,NaN,21,36,38.89
29.2,eulerianPath.js,3,14,21.43,2,5,50,0,0,3,NaN,21,36,38.89
29.8,eulerianPath.js,3,14,21.43,2,5,50,0,0,3,NaN,21,36,38.89
30.4,eulerianPath.js,3,14,21.43,2,5,50,0,0,3,NaN,21,36,38.89
30.9,eulerianPath.js,3,14,21.43,2,5,50,0,0,3,NaN,21,36,38.89
31.5,eulerianPath.js,3,14,21.43,2,5,50,0,0,3,NaN,21,36,38.89
32,eulerianPath.js,3,14,21.43,2,5,50,0,0,3,NaN,21,36,38.89
33.6,eulerianPath.js,3,14,21.43,2,5,50,0,0,3,NaN,21,36,38.89
34.2,eulerianPath.js,3,14,21.43,2,5,50,0,0,3,NaN,21,36,38.89
34.7,eulerianPath.js,3,14,21.43,2,5,50,0,0,3,NaN,21,36,38.89
35.4,eulerianPath.js,3,14,21.43,2,5,50,0,0,3,NaN,21,36,38.89
36,eulerianPath.js,3,14,21.43,2,5,50,0,0,3,NaN,21,36,38.89
36.5,eulerianPath.js,3,14,21.43,2,5,50,0,0,3,NaN,21,36,38.89
37.2,eulerianPath.js,3,14,21.43,2,5,50,0,0,3,NaN,21,36,38.89
37.7,eulerianPath.js,3,14,21.43,2,5,50,0,0,3,NaN,21,36,38.89
38.3,eulerianPath.js,3,14,21.43,2,5,50,0,0,3,NaN,21,36,38.89
38.9,eulerianPath.js,3,14,21.43,2,5,50,0,0,3,NaN,21,36,38.89
39.5,eulerianPath.js,3,14,21.43,2,5,50,0,0,3,NaN,21,36,38.89
40.1,eulerianPath.js,3,14,21.43,2,5,50,0,0,3,NaN,21,36,38.89
40.7,eulerianPath.js,3,14,21.43,2,5,50,0,0,3,NaN,21,36,38.89
41.2,eulerianPath.js,3,14,21.43,2,5,50,0,0,3,NaN,21,36,38.89
41.8,eulerianPath.js,3,14,21.43,2,5,50,0,0,3,NaN,21,36,38.89
42.4,eulerianPath.js,3,14,21.43,2,5,50,0,0,3,NaN,21,36,38.89
43,eulerianPath.js,3,14,21.43,2,5,50,0,0,3,NaN,21,36,38.89
43.7,eulerianPath.js,3,14,21.43,2,5,50,0,0,3,NaN,21,36,38.89
44.3,eulerianPath.js,3,14,21.43,2,5,50,0,0,3,NaN,21,36,38.89
44.9,eulerianPath.js,3,14,21.43,2,5,50,0,0,3,NaN,21,36,38.89
45.5,eulerianPath.js,3,14,21.43,2,5,50,0,0,3,NaN,21,36,38.89
46.1,eulerianPath.js,3,14,21.43,2,5,50,0,0,3,NaN,21,36,38.89
47.7,eulerianPath.js,3,14,21.43,2,5,50,0,0,3,NaN,21,36,38.89
48.3,eulerianPath.js,3,14,21.43,2,5,50,0,0,3,NaN,21,36,38.89
49,eulerianPath.js,3,14,21.43,2,5,50,0,0,3,NaN,21,36,38.89
49.7,eulerianPath.js,3,14,21.43,2,5,50,0,0,3,NaN,21,36,38.89
50.4,eulerianPath.js,3,14,21.43,2,5,50,0,0,3,NaN,21,36,38.89
50.9,eulerianPath.js,3,14,21.43,2,5,50,0,0,3,NaN,21,36,38.89
51.5,eulerianPath.js,3,14,21.43,2,5,50,0,0,3,NaN,21,36,38.89
52.1,eulerianPath.js,3,14,21.43,2,5,50,0,0,3,NaN,21,36,38.89
52.2,eulerianPath.js,3,14,21.43,2,5,50,0,0,3,NaN,21,36,38.89
52.8,eulerianPath.js,3,14,21.43,2,5,50,0,0,3,NaN,21,36,38.89
53.4,eulerianPath.js,3,14,21.43,2,5,50,0,0,3,NaN,21,36,38.89
54.1,eulerianPath.js,3,14,21.43,2,5,50,0,0,3,NaN,21,36,38.89
54.7,eulerianPath.js,3,14,21.43,2,5,50,0,0,3,NaN,21,36,38.89
55.3,eulerianPath.js,3,14,21.43,2,5,50,0,0,3,NaN,21,36,38.89
56,eulerianPath.js,3,14,21.43,2,5,50,0,0,3,NaN,21,36,38.89
56.6,eulerianPath.js,3,14,21.43,2,5,50,0,0,3,NaN,21,36,38.89
57.2,eulerianPath.js,3,14,21.43,2,5,50,0,0,3,NaN,21,36,38.89
57.9,eulerianPath.js,3,14,21.43,2,5,50,0,0,3,NaN,21,36,38.89
59.6,eulerianPath.js,3,14,21.43,2,5,50,0,0,3,NaN,21,36,38.89
60.3,eulerianPath.js,3,14,21.43,2,5,50,0,0,3,NaN,21,36,38.89
60.6,eulerianPath.js,3,14,21.43,2,5,50,0,0,3,NaN,21,36,38.89
0,floydWarshall.js,0,0,NaN,0,0,NaN,0,0,0,NaN,0,0,NaN
0.5,floydWarshall.js,4,6,66.67,8,4,100,0,0,4,NaN,31,9,86.11
1,floydWarshall.js,4,6,66.67,8,4,100,0,0,4,NaN,31,9,86.11
1.5,floydWarshall.js,4,6,66.67,8,4,100,0,0,4,NaN,31,9,86.11
1.9,floydWarshall.js,4,6,66.67,8,4,100,0,0,4,NaN,31,9,86.11
2.4,floydWarshall.js,4,6,66.67,8,4,100,0,0,4,NaN,31,9,86.11
2.9,floydWarshall.js,4,6,66.67,8,4,100,0,0,4,NaN,31,9,86.11
3.3,floydWarshall.js,4,6,66.67,8,4,100,0,0,4,NaN,31,9,86.11
3.8,floydWarshall.js,4,6,66.67,8,4,100,0,0,4,NaN,31,9,86.11
4.3,floydWarshall.js,4,6,66.67,8,4,100,0,0,4,NaN,31,9,86.11
5,floydWarshall.js,4,6,66.67,8,4,100,0,0,4,NaN,31,9,86.11
5.6,floydWarshall.js,4,6,66.67,8,4,100,0,0,4,NaN,31,9,86.11
6.2,floydWarshall.js,4,6,66.67,8,4,100,0,0,4,NaN,31,9,86.11
6.9,floydWarshall.js,4,6,66.67,8,4,100,0,0,4,NaN,31,9,86.11
7.6,floydWarshall.js,4,6,66.67,8,4,100,0,0,4,NaN,31,9,86.11
8.4,floydWarshall.js,4,6,66.67,8,4,100,0,0,4,NaN,31,9,86.11
9.9,floydWarshall.js,4,6,66.67,8,4,100,0,0,4,NaN,31,9,86.11
10.4,floydWarshall.js,4,6,66.67,8,4,100,0,0,4,NaN,31,9,86.11
10.9,floydWarshall.js,4,6,66.67,8,4,100,0,0,4,NaN,31,9,86.11
11.6,floydWarshall.js,4,6,66.67,8,4,100,0,0,4,NaN,31,9,86.11
12.1,floydWarshall.js,4,6,66.67,8,4,100,0,0,4,NaN,31,9,86.11
12.5,floydWarshall.js,4,6,66.67,8,4,100,0,0,4,NaN,31,9,86.11
13,floydWarshall.js,4,6,66.67,8,4,100,0,0,4,NaN,31,9,86.11
13.7,floydWarshall.js,4,6,66.67,8,4,100,0,0,4,NaN,31,9,86.11
14.2,floydWarshall.js,4,6,66.67,8,4,100,0,0,4,NaN,31,9,86.11
14.7,floydWarshall.js,4,6,66.67,8,4,100,0,0,4,NaN,31,9,86.11
15.2,floydWarshall.js,4,6,66.67,8,4,100,0,0,4,NaN,31,9,86.11
15.8,floydWarshall.js,4,6,66.67,8,4,100,0,0,4,NaN,31,9,86.11
16.2,floydWarshall.js,4,6,66.67,8,4,100,0,0,4,NaN,31,9,86.11
16.3,floydWarshall.js,4,6,66.67,8,4,100,0,0,4,NaN,31,9,86.11
16.7,floydWarshall.js,4,6,66.67,8,4,100,0,0,4,NaN,31,9,86.11
17.4,floydWarshall.js,4,6,66.67,8,4,100,0,0,4,NaN,31,9,86.11
18.1,floydWarshall.js,4,6,66.67,8,4,100,0,0,4,NaN,31,9,86.11
18.7,floydWarshall.js,4,6,66.67,8,4,100,0,0,4,NaN,31,9,86.11
19.5,floydWarshall.js,4,6,66.67,8,4,100,0,0,4,NaN,31,9,86.11
20.1,floydWarshall.js,4,6,66.67,8,4,100,0,0,4,NaN,31,9,86.11
20.8,floydWarshall.js,4,6,66.67,8,4,100,0,0,4,NaN,31,9,86.11
21.4,floydWarshall.js,4,6,66.67,8,4,100,0,0,4,NaN,31,9,86.11
22,floydWarshall.js,4,6,66.67,8,4,100,0,0,4,NaN,31,9,86.11
22.6,floydWarshall.js,4,6,66.67,8,4,100,0,0,4,NaN,31,9,86.11
23.1,floydWarshall.js,4,6,66.67,8,4,100,0,0,4,NaN,31,9,86.11
23.6,floydWarshall.js,4,6,66.67,8,4,100,0,0,4,NaN,31,9,86.11
25.2,floydWarshall.js,4,6,66.67,8,4,100,0,0,4,NaN,31,9,86.11
25.8,floydWarshall.js,4,6,66.67,8,4,100,0,0,4,NaN,31,9,86.11
26.4,floydWarshall.js,4,6,66.67,8,4,100,0,0,4,NaN,31,9,86.11
27,floydWarshall.js,4,6,66.67,8,4,100,0,0,4,NaN,31,9,86.11
27.7,floydWarshall.js,4,6,66.67,8,4,100,0,0,4,NaN,31,9,86.11
28.3,floydWarshall.js,4,6,66.67,8,4,100,0,0,4,NaN,31,9,86.11
28.9,floydWarshall.js,4,6,66.67,8,4,100,0,0,4,NaN,31,9,86.11
29.6,floydWarshall.js,4,6,66.67,8,4,100,0,0,4,NaN,31,9,86.11
30.2,floydWarshall.js,4,6,66.67,8,4,100,0,0,4,NaN,31,9,86.11
30.9,floydWarshall.js,4,6,66.67,8,4,100,0,0,4,NaN,31,9,86.11
31.5,floydWarshall.js,4,6,66.67,8,4,100,0,0,4,NaN,31,9,86.11
32.1,floydWarshall.js,4,6,66.67,8,4,100,0,0,4,NaN,31,9,86.11
32.8,floydWarshall.js,4,6,66.67,8,4,100,0,0,4,NaN,31,9,86.11
33.5,floydWarshall.js,4,6,66.67,8,4,100,0,0,4,NaN,31,9,86.11
34,floydWarshall.js,4,6,66.67,8,4,100,0,0,4,NaN,31,9,86.11
35.6,floydWarshall.js,4,6,66.67,8,4,100,0,0,4,NaN,31,9,86.11
36.3,floydWarshall.js,4,6,66.67,8,4,100,0,0,4,NaN,31,9,86.11
37,floydWarshall.js,4,6,66.67,8,4,100,0,0,4,NaN,31,9,86.11
37.5,floydWarshall.js,4,6,66.67,8,4,100,0,0,4,NaN,31,9,86.11
38.2,floydWarshall.js,4,6,66.67,8,4,100,0,0,4,NaN,31,9,86.11
38.7,floydWarshall.js,4,6,66.67,8,4,100,0,0,4,NaN,31,9,86.11
39.3,floydWarshall.js,4,6,66.67,8,4,100,0,0,4,NaN,31,9,86.11
39.9,floydWarshall.js,4,6,66.67,8,4,100,0,0,4,NaN,31,9,86.11
40.6,floydWarshall.js,4,6,66.67,8,4,100,0,0,4,NaN,31,9,86.11
41.2,floydWarshall.js,4,6,66.67,8,4,100,0,0,4,NaN,31,9,86.11
41.7,floydWarshall.js,4,6,66.67,8,4,100,0,0,4,NaN,31,9,86.11
42.3,floydWarshall.js,4,6,66.67,8,4,100,0,0,4,NaN,31,9,86.11
42.9,floydWarshall.js,4,6,66.67,8,4,100,0,0,4,NaN,31,9,86.11
43.6,floydWarshall.js,4,6,66.67,8,4,100,0,0,4,NaN,31,9,86.11
44.2,floydWarshall.js,4,6,66.67,8,4,100,0,0,4,NaN,31,9,86.11
44.9,floydWarshall.js,4,6,66.67,8,4,100,0,0,4,NaN,31,9,86.11
45.6,floydWarshall.js,4,6,66.67,8,4,100,0,0,4,NaN,31,9,86.11
46.3,floydWarshall.js,4,6,66.67,8,4,100,0,0,4,NaN,31,9,86.11
46.9,floydWarshall.js,4,6,66.67,8,4,100,0,0,4,NaN,31,9,86.11
47.5,floydWarshall.js,4,6,66.67,8,4,100,0,0,4,NaN,31,9,86.11
48.2,floydWarshall.js,4,6,66.67,8,4,100,0,0,4,NaN,31,9,86.11
48.9,floydWarshall.js,4,6,66.67,8,4,100,0,0,4,NaN,31,9,86.11
50.6,floydWarshall.js,4,6,66.67,8,4,100,0,0,4,NaN,31,9,86.11
51.3,floydWarshall.js,4,6,66.67,8,4,100,0,0,4,NaN,31,9,86.11
51.8,floydWarshall.js,4,6,66.67,8,4,100,0,0,4,NaN,31,9,86.11
52.4,floydWarshall.js,4,6,66.67,8,4,100,0,0,4,NaN,31,9,86.11
53,floydWarshall.js,4,6,66.67,8,4,100,0,0,4,NaN,31,9,86.11
53.7,floydWarshall.js,4,6,66.67,8,4,100,0,0,4,NaN,31,9,86.11
54.3,floydWarshall.js,4,6,66.67,8,4,100,0,0,4,NaN,31,9,86.11
55,floydWarshall.js,4,6,66.67,8,4,100,0,0,4,NaN,31,9,86.11
55.7,floydWarshall.js,4,6,66.67,8,4,100,0,0,4,NaN,31,9,86.11
56.4,floydWarshall.js,4,6,66.67,8,4,100,0,0,4,NaN,31,9,86.11
57,floydWarshall.js,4,6,66.67,8,4,100,0,0,4,NaN,31,9,86.11
57.6,floydWarshall.js,4,6,66.67,8,4,100,0,0,4,NaN,31,9,86.11
59.3,floydWarshall.js,4,6,66.67,8,4,100,0,0,4,NaN,31,9,86.11
60,floydWarshall.js,4,6,66.67,8,4,100,0,0,4,NaN,31,9,86.11
60.5,floydWarshall.js,4,6,66.67,8,4,100,0,0,4,NaN,31,9,86.11
0,hamiltonianCycle.js,0,0,NaN,0,0,NaN,0,0,0,NaN,0,0,NaN
0.6,hamiltonianCycle.js,0,10,0,3,3,50,0,0,0,NaN,11,36,23.4
1,hamiltonianCycle.js,0,10,0,3,3,50,0,0,0,NaN,11,36,23.4
1.5,hamiltonianCycle.js,0,10,0,3,3,50,0,0,0,NaN,11,36,23.4
1.9,hamiltonianCycle.js,0,10,0,3,3,50,0,0,0,NaN,11,36,23.4
2.7,hamiltonianCycle.js,0,10,0,3,3,50,0,0,0,NaN,11,36,23.4
3.3,hamiltonianCycle.js,0,10,0,3,3,50,0,0,0,NaN,11,36,23.4
3.9,hamiltonianCycle.js,0,10,0,3,3,50,0,0,0,NaN,11,36,23.4
4.4,hamiltonianCycle.js,0,10,0,3,3,50,0,0,0,NaN,11,36,23.4
5,hamiltonianCycle.js,0,10,0,3,3,50,0,0,0,NaN,11,36,23.4
5.6,hamiltonianCycle.js,0,10,0,3,3,50,0,0,0,NaN,11,36,23.4
6.2,hamiltonianCycle.js,0,10,0,3,3,50,0,0,0,NaN,11,36,23.4
6.9,hamiltonianCycle.js,0,10,0,3,3,50,0,0,0,NaN,11,36,23.4
7.5,hamiltonianCycle.js,0,10,0,3,3,50,0,0,0,NaN,11,36,23.4
8.2,hamiltonianCycle.js,0,10,0,3,3,50,0,0,0,NaN,11,36,23.4
8.9,hamiltonianCycle.js,0,10,0,3,3,50,0,0,0,NaN,11,36,23.4
9.5,hamiltonianCycle.js,0,10,0,3,3,50,0,0,0,NaN,11,36,23.4
10.1,hamiltonianCycle.js,0,10,0,3,3,50,0,0,0,NaN,11,36,23.4
10.7,hamiltonianCycle.js,0,10,0,3,3,50,0,0,0,NaN,11,36,23.4
11.3,hamiltonianCycle.js,0,10,0,3,3,50,0,0,0,NaN,11,36,23.4
12.1,hamiltonianCycle.js,0,10,0,3,3,50,0,0,0,NaN,11,36,23.4
13.7,hamiltonianCycle.js,0,10,0,3,3,50,0,0,0,NaN,11,36,23.4
14.2,hamiltonianCycle.js,0,10,0,3,3,50,0,0,0,NaN,11,36,23.4
14.9,hamiltonianCycle.js,0,10,0,3,3,50,0,0,0,NaN,11,36,23.4
15.6,hamiltonianCycle.js,0,10,0,3,3,50,0,0,0,NaN,11,36,23.4
16.2,hamiltonianCycle.js,0,10,0,3,3,50,0,0,0,NaN,11,36,23.4
16.8,hamiltonianCycle.js,0,10,0,3,3,50,0,0,0,NaN,11,36,23.4
17.4,hamiltonianCycle.js,0,10,0,3,3,50,0,0,0,NaN,11,36,23.4
18.1,hamiltonianCycle.js,0,10,0,3,3,50,0,0,0,NaN,11,36,23.4
18.7,hamiltonianCycle.js,0,10,0,3,3,50,0,0,0,NaN,11,36,23.4
19.4,hamiltonianCycle.js,0,10,0,3,3,50,0,0,0,NaN,11,36,23.4
20,hamiltonianCycle.js,0,10,0,3,3,50,0,0,0,NaN,11,36,23.4
20.6,hamiltonianCycle.js,0,10,0,3,3,50,0,0,0,NaN,11,36,23.4
21.3,hamiltonianCycle.js,0,10,0,3,3,50,0,0,0,NaN,11,36,23.4
21.9,hamiltonianCycle.js,0,10,0,3,3,50,0,0,0,NaN,11,36,23.4
22.5,hamiltonianCycle.js,0,10,0,3,3,50,0,0,0,NaN,11,36,23.4
23.2,hamiltonianCycle.js,0,10,0,3,3,50,0,0,0,NaN,11,36,23.4
23.8,hamiltonianCycle.js,0,10,0,3,3,50,0,0,0,NaN,11,36,23.4
24.4,hamiltonianCycle.js,0,10,0,3,3,50,0,0,0,NaN,11,36,23.4
25.1,hamiltonianCycle.js,0,10,0,3,3,50,0,0,0,NaN,11,36,23.4
25.8,hamiltonianCycle.js,0,10,0,3,3,50,0,0,0,NaN,11,36,23.4
26.4,hamiltonianCycle.js,0,10,0,3,3,50,0,0,0,NaN,11,36,23.4
27.1,hamiltonianCycle.js,0,10,0,3,3,50,0,0,0,NaN,11,36,23.4
27.8,hamiltonianCycle.js,0,10,0,3,3,50,0,0,0,NaN,11,36,23.4
28.5,hamiltonianCycle.js,0,10,0,3,3,50,0,0,0,NaN,11,36,23.4
29.1,hamiltonianCycle.js,0,10,0,3,3,50,0,0,0,NaN,11,36,23.4
29.7,hamiltonianCycle.js,0,10,0,3,3,50,0,0,0,NaN,11,36,23.4
29.8,hamiltonianCycle.js,0,10,0,3,3,50,0,0,0,NaN,11,36,23.4
31.5,hamiltonianCycle.js,0,10,0,3,3,50,0,0,0,NaN,11,36,23.4
32.1,hamiltonianCycle.js,0,10,0,3,3,50,0,0,0,NaN,11,36,23.4
32.8,hamiltonianCycle.js,0,10,0,3,3,50,0,0,0,NaN,11,36,23.4
33.5,hamiltonianCycle.js,0,10,0,3,3,50,0,0,0,NaN,11,36,23.4
34.1,hamiltonianCycle.js,0,10,0,3,3,50,0,0,0,NaN,11,36,23.4
34.7,hamiltonianCycle.js,0,10,0,3,3,50,0,0,0,NaN,11,36,23.4
35.4,hamiltonianCycle.js,0,10,0,3,3,50,0,0,0,NaN,11,36,23.4
36,hamiltonianCycle.js,0,10,0,3,3,50,0,0,0,NaN,11,36,23.4
36.8,hamiltonianCycle.js,0,10,0,3,3,50,0,0,0,NaN,11,36,23.4
37.5,hamiltonianCycle.js,0,10,0,3,3,50,0,0,0,NaN,11,36,23.4
38.2,hamiltonianCycle.js,0,10,0,3,3,50,0,0,0,NaN,11,36,23.4
38.9,hamiltonianCycle.js,0,10,0,3,3,50,0,0,0,NaN,11,36,23.4
39.6,hamiltonianCycle.js,0,10,0,3,3,50,0,0,0,NaN,11,36,23.4
40.3,hamiltonianCycle.js,0,10,0,3,3,50,0,0,0,NaN,11,36,23.4
41,hamiltonianCycle.js,0,10,0,3,3,50,0,0,0,NaN,11,36,23.4
41.7,hamiltonianCycle.js,0,10,0,3,3,50,0,0,0,NaN,11,36,23.4
43.4,hamiltonianCycle.js,0,10,0,3,3,50,0,0,0,NaN,11,36,23.4
44,hamiltonianCycle.js,0,10,0,3,3,50,0,0,0,NaN,11,36,23.4
44.7,hamiltonianCycle.js,0,10,0,3,3,50,0,0,0,NaN,11,36,23.4
45.4,hamiltonianCycle.js,0,10,0,3,3,50,0,0,0,NaN,11,36,23.4
46.1,hamiltonianCycle.js,0,10,0,3,3,50,0,0,0,NaN,11,36,23.4
46.8,hamiltonianCycle.js,0,10,0,3,3,50,0,0,0,NaN,11,36,23.4
47.5,hamiltonianCycle.js,0,10,0,3,3,50,0,0,0,NaN,11,36,23.4
48,hamiltonianCycle.js,0,10,0,3,3,50,0,0,0,NaN,11,36,23.4
48.7,hamiltonianCycle.js,0,10,0,3,3,50,0,0,0,NaN,11,36,23.4
49.4,hamiltonianCycle.js,0,10,0,3,3,50,0,0,0,NaN,11,36,23.4
50,hamiltonianCycle.js,0,10,0,3,3,50,0,0,0,NaN,11,36,23.4
50.9,hamiltonianCycle.js,0,10,0,3,3,50,0,0,0,NaN,11,36,23.4
51.6,hamiltonianCycle.js,0,10,0,3,3,50,0,0,0,NaN,11,36,23.4
52.2,hamiltonianCycle.js,0,10,0,3,3,50,0,0,0,NaN,11,36,23.4
52.9,hamiltonianCycle.js,0,10,0,3,3,50,0,0,0,NaN,11,36,23.4
53.5,hamiltonianCycle.js,0,10,0,3,3,50,0,0,0,NaN,11,36,23.4
54.2,hamiltonianCycle.js,0,10,0,3,3,50,0,0,0,NaN,11,36,23.4
54.7,hamiltonianCycle.js,0,10,0,3,3,50,0,0,0,NaN,11,36,23.4
55.4,hamiltonianCycle.js,0,10,0,3,3,50,0,0,0,NaN,11,36,23.4
56,hamiltonianCycle.js,0,10,0,3,3,50,0,0,0,NaN,11,36,23.4
56.7,hamiltonianCycle.js,0,10,0,3,3,50,0,0,0,NaN,11,36,23.4
57.3,hamiltonianCycle.js,0,10,0,3,3,50,0,0,0,NaN,11,36,23.4
58,hamiltonianCycle.js,0,10,0,3,3,50,0,0,0,NaN,11,36,23.4
58.6,hamiltonianCycle.js,0,10,0,3,3,50,0,0,0,NaN,11,36,23.4
59.4,hamiltonianCycle.js,0,10,0,3,3,50,0,0,0,NaN,11,36,23.4
60.7,hamiltonianCycle.js,0,10,0,3,3,50,0,0,0,NaN,11,36,23.4
0,kruskal.js,0,0,NaN,0,0,NaN,0,0,0,NaN,0,0,NaN
0.7,kruskal.js,3,10,30,4,3,100,0,0,3,NaN,18,17,56.25
1.2,kruskal.js,3,10,30,4,3,100,0,0,3,NaN,18,17,56.25
1.9,kruskal.js,3,10,30,4,3,100,0,0,3,NaN,18,17,56.25
2.4,kruskal.js,3,10,30,4,3,100,0,0,3,NaN,18,17,56.25
2.9,kruskal.js,3,10,30,4,3,100,0,0,3,NaN,18,17,56.25
3.6,kruskal.js,3,10,30,4,3,100,0,0,3,NaN,18,17,56.25
4.2,kruskal.js,3,10,30,4,3,100,0,0,3,NaN,18,17,56.25
4.8,kruskal.js,3,10,30,4,3,100,0,0,3,NaN,18,17,56.25
5.5,kruskal.js,3,10,30,4,3,100,0,0,3,NaN,18,17,56.25
6,kruskal.js,3,10,30,4,3,100,0,0,3,NaN,18,17,56.25
6.5,kruskal.js,3,10,30,4,3,100,0,0,3,NaN,18,17,56.25
7,kruskal.js,3,10,30,4,3,100,0,0,3,NaN,18,17,56.25
7.5,kruskal.js,3,10,30,4,3,100,0,0,3,NaN,18,17,56.25
8.1,kruskal.js,3,10,30,4,3,100,0,0,3,NaN,18,17,56.25
8.8,kruskal.js,3,10,30,4,3,100,0,0,3,NaN,18,17,56.25
9.5,kruskal.js,3,10,30,4,3,100,0,0,3,NaN,18,17,56.25
10.3,kruskal.js,3,10,30,4,3,100,0,0,3,NaN,18,17,56.25
11.1,kruskal.js,3,10,30,4,3,100,0,0,3,NaN,18,17,56.25
12.9,kruskal.js,3,10,30,4,3,100,0,0,3,NaN,18,17,56.25
13.6,kruskal.js,3,10,30,4,3,100,0,0,3,NaN,18,17,56.25
14.1,kruskal.js,3,10,30,4,3,100,0,0,3,NaN,18,17,56.25
14.7,kruskal.js,3,10,30,4,3,100,0,0,3,NaN,18,17,56.25
15.3,kruskal.js,3,10,30,4,3,100,0,0,3,NaN,18,17,56.25
15.8,kruskal.js,3,10,30,4,3,100,0,0,3,NaN,18,17,56.25
16.3,kruskal.js,3,10,30,4,3,100,0,0,3,NaN,18,17,56.25
16.8,kruskal.js,3,10,30,4,3,100,0,0,3,NaN,18,17,56.25
17.4,kruskal.js,3,10,30,4,3,100,0,0,3,NaN,18,17,56.25
18.1,kruskal.js,3,10,30,4,3,100,0,0,3,NaN,18,17,56.25
18.7,kruskal.js,3,10,30,4,3,100,0,0,3,NaN,18,17,56.25
19.5,kruskal.js,3,10,30,4,3,100,0,0,3,NaN,18,17,56.25
20.1,kruskal.js,3,10,30,4,3,100,0,0,3,NaN,18,17,56.25
20.6,kruskal.js,3,10,30,4,3,100,0,0,3,NaN,18,17,56.25
21.1,kruskal.js,3,10,30,4,3,100,0,0,3,NaN,18,17,56.25
21.5,kruskal.js,3,10,30,4,3,100,0,0,3,NaN,18,17,56.25
21.6,kruskal.js,3,10,30,4,3,100,0,0,3,NaN,18,17,56.25
22.2,kruskal.js,3,10,30,4,3,100,0,0,3,NaN,18,17,56.25
22.7,kruskal.js,3,10,30,4,3,100,0,0,3,NaN,18,17,56.25
23.2,kruskal.js,3,10,30,4,3,100,0,0,3,NaN,18,17,56.25
23.9,kruskal.js,3,10,30,4,3,100,0,0,3,NaN,18,17,56.25
24.4,kruskal.js,3,10,30,4,3,100,0,0,3,NaN,18,17,56.25
25.1,kruskal.js,3,10,30,4,3,100,0,0,3,NaN,18,17,56.25
25.9,kruskal.js,3,10,30,4,3,100,0,0,3,NaN,18,17,56.25
26.3,kruskal.js,3,10,30,4,3,100,0,0,3,NaN,18,17,56.25
26.8,kruskal.js,3,10,30,4,3,100,0,0,3,NaN,18,17,56.25
27.5,kruskal.js,3,10,30,4,3,100,0,0,3,NaN,18,17,56.25
28.5,kruskal.js,3,10,30,4,3,100,0,0,3,NaN,18,17,56.25
29.9,kruskal.js,3,10,30,4,3,100,0,0,3,NaN,18,17,56.25
30.6,kruskal.js,3,10,30,4,3,100,0,0,3,NaN,18,17,56.25
31.4,kruskal.js,3,10,30,4,3,100,0,0,3,NaN,18,17,56.25
32,kruskal.js,3,10,30,4,3,100,0,0,3,NaN,18,17,56.25
32.5,kruskal.js,3,10,30,4,3,100,0,0,3,NaN,18,17,56.25
33,kruskal.js,3,10,30,4,3,100,0,0,3,NaN,18,17,56.25
33.6,kruskal.js,3,10,30,4,3,100,0,0,3,NaN,18,17,56.25
34.1,kruskal.js,3,10,30,4,3,100,0,0,3,NaN,18,17,56.25
34.6,kruskal.js,3,10,30,4,3,100,0,0,3,NaN,18,17,56.25
35.3,kruskal.js,3,10,30,4,3,100,0,0,3,NaN,18,17,56.25
35.8,kruskal.js,3,10,30,4,3,100,0,0,3,NaN,18,17,56.25
36.4,kruskal.js,3,10,30,4,3,100,0,0,3,NaN,18,17,56.25
37,kruskal.js,3,10,30,4,3,100,0,0,3,NaN,18,17,56.25
37.8,kruskal.js,3,10,30,4,3,100,0,0,3,NaN,18,17,56.25
38.5,kruskal.js,3,10,30,4,3,100,0,0,3,NaN,18,17,56.25
39,kruskal.js,3,10,30,4,3,100,0,0,3,NaN,18,17,56.25
39.5,kruskal.js,3,10,30,4,3,100,0,0,3,NaN,18,17,56.25
39.9,kruskal.js,3,10,30,4,3,100,0,0,3,NaN,18,17,56.25
40.6,kruskal.js,3,10,30,4,3,100,0,0,3,NaN,18,17,56.25
41.1,kruskal.js,3,10,30,4,3,100,0,0,3,NaN,18,17,56.25
41.7,kruskal.js,3,10,30,4,3,100,0,0,3,NaN,18,17,56.25
42.4,kruskal.js,3,10,30,4,3,100,0,0,3,NaN,18,17,56.25
43.1,kruskal.js,3,10,30,4,3,100,0,0,3,NaN,18,17,56.25
43.8,kruskal.js,3,10,30,4,3,100,0,0,3,NaN,18,17,56.25
44.5,kruskal.js,3,10,30,4,3,100,0,0,3,NaN,18,17,56.25
44.9,kruskal.js,3,10,30,4,3,100,0,0,3,NaN,18,17,56.25
45.4,kruskal.js,3,10,30,4,3,100,0,0,3,NaN,18,17,56.25
45.9,kruskal.js,3,10,30,4,3,100,0,0,3,NaN,18,17,56.25
46.6,kruskal.js,3,10,30,4,3,100,0,0,3,NaN,18,17,56.25
47.1,kruskal.js,3,10,30,4,3,100,0,0,3,NaN,18,17,56.25
47.6,kruskal.js,3,10,30,4,3,100,0,0,3,NaN,18,17,56.25
48.2,kruskal.js,3,10,30,4,3,100,0,0,3,NaN,18,17,56.25
48.8,kruskal.js,3,10,30,4,3,100,0,0,3,NaN,18,17,56.25
49.5,kruskal.js,3,10,30,4,3,100,0,0,3,NaN,18,17,56.25
50.1,kruskal.js,3,10,30,4,3,100,0,0,3,NaN,18,17,56.25
50.6,kruskal.js,3,10,30,4,3,100,0,0,3,NaN,18,17,56.25
52.5,kruskal.js,3,10,30,4,3,100,0,0,3,NaN,18,17,56.25
53,kruskal.js,3,10,30,4,3,100,0,0,3,NaN,18,17,56.25
53.8,kruskal.js,3,10,30,4,3,100,0,0,3,NaN,18,17,56.25
54.4,kruskal.js,3,10,30,4,3,100,0,0,3,NaN,18,17,56.25
54.9,kruskal.js,3,10,30,4,3,100,0,0,3,NaN,18,17,56.25
55.4,kruskal.js,3,10,30,4,3,100,0,0,3,NaN,18,17,56.25
56,kruskal.js,3,10,30,4,3,100,0,0,3,NaN,18,17,56.25
56.7,kruskal.js,3,10,30,4,3,100,0,0,3,NaN,18,17,56.25
57.3,kruskal.js,3,10,30,4,3,100,0,0,3,NaN,18,17,56.25
58,kruskal.js,3,10,30,4,3,100,0,0,3,NaN,18,17,56.25
58.5,kruskal.js,3,10,30,4,3,100,0,0,3,NaN,18,17,56.25
59,kruskal.js,3,10,30,4,3,100,0,0,3,NaN,18,17,56.25
59.6,kruskal.js,3,10,30,4,3,100,0,0,3,NaN,18,17,56.25
60.3,kruskal.js,3,10,30,4,3,100,0,0,3,NaN,18,17,56.25
60.7,kruskal.js,3,10,30,4,3,100,0,0,3,NaN,18,17,56.25
0,prim.js,0,0,NaN,0,0,NaN,0,0,0,NaN,0,0,NaN
0.5,prim.js,1,12,8.33,1,3,33.33,0,0,1,NaN,4,35,10.53
1,prim.js,1,12,8.33,1,3,33.33,0,0,1,NaN,4,35,10.53
1.5,prim.js,1,12,8.33,1,3,33.33,0,0,1,NaN,4,35,10.53
2.1,prim.js,1,12,8.33,1,3,33.33,0,0,1,NaN,4,35,10.53
2.9,prim.js,1,12,8.33,1,3,33.33,0,0,1,NaN,4,35,10.53
3.4,prim.js,1,12,8.33,1,3,33.33,0,0,1,NaN,4,35,10.53
4.1,prim.js,1,12,8.33,1,3,33.33,0,0,1,NaN,4,35,10.53
5.9,prim.js,1,12,8.33,1,3,33.33,0,0,1,NaN,4,35,10.53
6.8,prim.js,1,12,8.33,1,3,33.33,0,0,1,NaN,4,35,10.53
7.5,prim.js,1,12,8.33,1,3,33.33,0,0,1,NaN,4,35,10.53
8.2,prim.js,1,12,8.33,1,3,33.33,0,0,1,NaN,4,35,10.53
8.7,prim.js,1,12,8.33,1,3,33.33,0,0,1,NaN,4,35,10.53
9.2,prim.js,1,12,8.33,1,3,33.33,0,0,1,NaN,4,35,10.53
9.7,prim.js,1,12,8.33,1,3,33.33,0,0,1,NaN,4,35,10.53
10.4,prim.js,1,12,8.33,1,3,33.33,0,0,1,NaN,4,35,10.53
11.1,prim.js,1,12,8.33,1,3,33.33,0,0,1,NaN,4,35,10.53
11.9,prim.js,1,12,8.33,1,3,33.33,0,0,1,NaN,4,35,10.53
12.5,prim.js,1,12,8.33,1,3,33.33,0,0,1,NaN,4,35,10.53
13.3,prim.js,1,12,8.33,1,3,33.33,0,0,1,NaN,4,35,10.53
15.1,prim.js,1,12,8.33,1,3,33.33,0,0,1,NaN,4,35,10.53
15.9,prim.js,1,12,8.33,1,3,33.33,0,0,1,NaN,4,35,10.53
16.6,prim.js,1,12,8.33,1,3,33.33,0,0,1,NaN,4,35,10.53
17.3,prim.js,1,12,8.33,1,3,33.33,0,0,1,NaN,4,35,10.53
18,prim.js,1,12,8.33,1,3,33.33,0,0,1,NaN,4,35,10.53
18.7,prim.js,1,12,8.33,1,3,33.33,0,0,1,NaN,4,35,10.53
19.2,prim.js,1,12,8.33,1,3,33.33,0,0,1,NaN,4,35,10.53
19.8,prim.js,1,12,8.33,1,3,33.33,0,0,1,NaN,4,35,10.53
20.6,prim.js,1,12,8.33,1,3,33.33,0,0,1,NaN,4,35,10.53
21.1,prim.js,1,12,8.33,1,3,33.33,0,0,1,NaN,4,35,10.53
21.8,prim.js,1,12,8.33,1,3,33.33,0,0,1,NaN,4,35,10.53
22.6,prim.js,1,12,8.33,1,3,33.33,0,0,1,NaN,4,35,10.53
23.2,prim.js,1,12,8.33,1,3,33.33,0,0,1,NaN,4,35,10.53
23.7,prim.js,1,12,8.33,1,3,33.33,0,0,1,NaN,4,35,10.53
24.4,prim.js,1,12,8.33,1,3,33.33,0,0,1,NaN,4,35,10.53
25,prim.js,1,12,8.33,1,3,33.33,0,0,1,NaN,4,35,10.53
25.7,prim.js,1,12,8.33,1,3,33.33,0,0,1,NaN,4,35,10.53
26.3,prim.js,1,12,8.33,1,3,33.33,0,0,1,NaN,4,35,10.53
26.8,prim.js,1,12,8.33,1,3,33.33,0,0,1,NaN,4,35,10.53
27.3,prim.js,1,12,8.33,1,3,33.33,0,0,1,NaN,4,35,10.53
28,prim.js,1,12,8.33,1,3,33.33,0,0,1,NaN,4,35,10.53
28.5,prim.js,1,12,8.33,1,3,33.33,0,0,1,NaN,4,35,10.53
29.2,prim.js,1,12,8.33,1,3,33.33,0,0,1,NaN,4,35,10.53
29.9,prim.js,1,12,8.33,1,3,33.33,0,0,1,NaN,4,35,10.53
30.4,prim.js,1,12,8.33,1,3,33.33,0,0,1,NaN,4,35,10.53
31,prim.js,1,12,8.33,1,3,33.33,0,0,1,NaN,4,35,10.53
31.7,prim.js,1,12,8.33,1,3,33.33,0,0,1,NaN,4,35,10.53
32.3,prim.js,1,12,8.33,1,3,33.33,0,0,1,NaN,4,35,10.53
33,prim.js,1,12,8.33,1,3,33.33,0,0,1,NaN,4,35,10.53
33.8,prim.js,1,12,8.33,1,3,33.33,0,0,1,NaN,4,35,10.53
34.5,prim.js,1,12,8.33,1,3,33.33,0,0,1,NaN,4,35,10.53
35,prim.js,1,12,8.33,1,3,33.33,0,0,1,NaN,4,35,10.53
35.5,prim.js,1,12,8.33,1,3,33.33,0,0,1,NaN,4,35,10.53
36.2,prim.js,1,12,8.33,1,3,33.33,0,0,1,NaN,4,35,10.53
36.7,prim.js,1,12,8.33,1,3,33.33,0,0,1,NaN,4,35,10.53
37.3,prim.js,1,12,8.33,1,3,33.33,0,0,1,NaN,4,35,10.53
38.1,prim.js,1,12,8.33,1,3,33.33,0,0,1,NaN,4,35,10.53
38.6,prim.js,1,12,8.33,1,3,33.33,0,0,1,NaN,4,35,10.53
40.1,prim.js,1,12,8.33,1,3,33.33,0,0,1,NaN,4,35,10.53
41.5,prim.js,1,12,8.33,1,3,33.33,0,0,1,NaN,4,35,10.53
42.1,prim.js,1,12,8.33,1,3,33.33,0,0,1,NaN,4,35,10.53
42.9,prim.js,2,12,16.67,1,4,33.33,0,0,2,NaN,11,29,28.95
43.4,prim.js,2,12,16.67,1,4,33.33,0,0,2,NaN,11,29,28.95
43.9,prim.js,2,12,16.67,1,4,33.33,0,0,2,NaN,11,29,28.95
44.7,prim.js,2,12,16.67,1,4,33.33,0,0,2,NaN,11,29,28.95
45.3,prim.js,2,12,16.67,1,4,33.33,0,0,2,NaN,11,29,28.95
45.9,prim.js,2,12,16.67,1,4,33.33,0,0,2,NaN,11,29,28.95
46.4,prim.js,2,12,16.67,1,4,33.33,0,0,2,NaN,11,29,28.95
47.1,prim.js,2,12,16.67,1,4,33.33,0,0,2,NaN,11,29,28.95
47.7,prim.js,2,12,16.67,1,4,33.33,0,0,2,NaN,11,29,28.95
48.4,prim.js,2,12,16.67,1,4,33.33,0,0,2,NaN,11,29,28.95
49.1,prim.js,2,12,16.67,1,4,33.33,0,0,2,NaN,11,29,28.95
49.6,prim.js,2,12,16.67,1,4,33.33,0,0,2,NaN,11,29,28.95
50.1,prim.js,2,12,16.67,1,4,33.33,0,0,2,NaN,11,29,28.95
50.8,prim.js,2,12,16.67,1,4,33.33,0,0,2,NaN,11,29,28.95
51.4,prim.js,2,12,16.67,1,4,33.33,0,0,2,NaN,11,29,28.95
51.9,prim.js,2,12,16.67,1,4,33.33,0,0,2,NaN,11,29,28.95
52.6,prim.js,2,12,16.67,1,4,33.33,0,0,2,NaN,11,29,28.95
52.7,prim.js,2,12,16.67,1,4,33.33,0,0,2,NaN,11,29,28.95
53.2,prim.js,2,12,16.67,1,4,33.33,0,0,2,NaN,11,29,28.95
53.7,prim.js,2,12,16.67,1,4,33.33,0,0,2,NaN,11,29,28.95
54.5,prim.js,2,12,16.67,1,4,33.33,0,0,2,NaN,11,29,28.95
55.2,prim.js,2,12,16.67,1,4,33.33,0,0,2,NaN,11,29,28.95
55.9,prim.js,2,12,16.67,1,4,33.33,0,0,2,NaN,11,29,28.95
56.6,prim.js,2,12,16.67,1,4,33.33,0,0,2,NaN,11,29,28.95
57.2,prim.js,2,12,16.67,1,4,33.33,0,0,2,NaN,11,29,28.95
57.7,prim.js,2,12,16.67,1,4,33.33,0,0,2,NaN,11,29,28.95
58.2,prim.js,2,12,16.67,1,4,33.33,0,0,2,NaN,11,29,28.95
58.3,prim.js,2,12,16.67,1,4,33.33,0,0,2,NaN,11,29,28.95
58.9,prim.js,2,12,16.67,1,4,33.33,0,0,2,NaN,11,29,28.95
59.4,prim.js,2,12,16.67,1,4,33.33,0,0,2,NaN,11,29,28.95
60.1,prim.js,2,12,16.67,1,4,33.33,0,0,2,NaN,11,29,28.95
60.5,prim.js,2,12,16.67,1,4,33.33,0,0,2,NaN,11,29,28.95
0,stronglyConnectedComponents.js,0,0,NaN,0,0,NaN,0,0,0,NaN,0,0,NaN
0.6,stronglyConnectedComponents.js,0,8,0,2,8,20,0,0,0,NaN,7,45,13.46
2.4,stronglyConnectedComponents.js,0,8,0,2,8,20,0,0,0,NaN,7,45,13.46
2.9,stronglyConnectedComponents.js,0,8,0,2,8,20,0,0,0,NaN,7,45,13.46
3.6,stronglyConnectedComponents.js,0,8,0,2,8,20,0,0,0,NaN,7,45,13.46
4.4,stronglyConnectedComponents.js,2,8,25,3,9,30,0,0,2,NaN,21,33,40.38
5.1,stronglyConnectedComponents.js,2,8,25,3,9,30,0,0,2,NaN,21,33,40.38
5.7,stronglyConnectedComponents.js,2,8,25,3,9,30,0,0,2,NaN,21,33,40.38
5.8,stronglyConnectedComponents.js,2,8,25,3,9,30,0,0,2,NaN,21,33,40.38
6.4,stronglyConnectedComponents.js,2,8,25,3,9,30,0,0,2,NaN,21,33,40.38
7.2,stronglyConnectedComponents.js,2,8,25,3,9,30,0,0,2,NaN,21,33,40.38
7.8,stronglyConnectedComponents.js,2,8,25,3,9,30,0,0,2,NaN,21,33,40.38
8.3,stronglyConnectedComponents.js,2,8,25,3,9,30,0,0,2,NaN,21,33,40.38
9,stronglyConnectedComponents.js,2,8,25,3,9,30,0,0,2,NaN,21,33,40.38
9.6,stronglyConnectedComponents.js,2,8,25,3,9,30,0,0,2,NaN,21,33,40.38
10.2,stronglyConnectedComponents.js,2,8,25,3,9,30,0,0,2,NaN,21,33,40.38
10.3,stronglyConnectedComponents.js,2,8,25,3,9,30,0,0,2,NaN,21,33,40.38
10.9,stronglyConnectedComponents.js,2,8,25,3,9,30,0,0,2,NaN,21,33,40.38
11.5,stronglyConnectedComponents.js,2,8,25,3,9,30,0,0,2,NaN,21,33,40.38
12.2,stronglyConnectedComponents.js,2,8,25,3,9,30,0,0,2,NaN,21,33,40.38
12.8,stronglyConnectedComponents.js,2,8,25,3,9,30,0,0,2,NaN,21,33,40.38
13.5,stronglyConnectedComponents.js,2,8,25,3,9,30,0,0,2,NaN,21,33,40.38
14.2,stronglyConnectedComponents.js,2,8,25,3,9,30,0,0,2,NaN,21,33,40.38
14.8,stronglyConnectedComponents.js,2,8,25,3,9,30,0,0,2,NaN,21,33,40.38
15.4,stronglyConnectedComponents.js,2,8,25,3,9,30,0,0,2,NaN,21,33,40.38
16.1,stronglyConnectedComponents.js,2,8,25,3,9,30,0,0,2,NaN,21,33,40.38
16.8,stronglyConnectedComponents.js,2,8,25,3,9,30,0,0,2,NaN,21,33,40.38
17.5,stronglyConnectedComponents.js,2,8,25,3,9,30,0,0,2,NaN,21,33,40.38
18,stronglyConnectedComponents.js,2,8,25,3,9,30,0,0,2,NaN,21,33,40.38
18.5,stronglyConnectedComponents.js,2,8,25,3,9,30,0,0,2,NaN,21,33,40.38
18.6,stronglyConnectedComponents.js,2,8,25,3,9,30,0,0,2,NaN,21,33,40.38
19.3,stronglyConnectedComponents.js,2,8,25,3,9,30,0,0,2,NaN,21,33,40.38
19.9,stronglyConnectedComponents.js,2,8,25,3,9,30,0,0,2,NaN,21,33,40.38
20.5,stronglyConnectedComponents.js,2,8,25,3,9,30,0,0,2,NaN,21,33,40.38
21.2,stronglyConnectedComponents.js,2,8,25,3,9,30,0,0,2,NaN,21,33,40.38
21.9,stronglyConnectedComponents.js,2,8,25,3,9,30,0,0,2,NaN,21,33,40.38
22.7,stronglyConnectedComponents.js,2,8,25,3,9,30,0,0,2,NaN,21,33,40.38
23.4,stronglyConnectedComponents.js,2,8,25,3,9,30,0,0,2,NaN,21,33,40.38
24.1,stronglyConnectedComponents.js,2,8,25,3,9,30,0,0,2,NaN,21,33,40.38
24.8,stronglyConnectedComponents.js,2,8,25,3,9,30,0,0,2,NaN,21,33,40.38
25.5,stronglyConnectedComponents.js,2,8,25,3,9,30,0,0,2,NaN,21,33,40.38
26.2,stronglyConnectedComponents.js,2,8,25,3,9,30,0,0,2,NaN,21,33,40.38
26.9,stronglyConnectedComponents.js,2,8,25,3,9,30,0,0,2,NaN,21,33,40.38
27.7,stronglyConnectedComponents.js,2,8,25,3,9,30,0,0,2,NaN,21,33,40.38
28.4,stronglyConnectedComponents.js,2,8,25,3,9,30,0,0,2,NaN,21,33,40.38
30.4,stronglyConnectedComponents.js,2,8,25,3,9,30,0,0,2,NaN,21,33,40.38
31.2,stronglyConnectedComponents.js,2,8,25,3,9,30,0,0,2,NaN,21,33,40.38
31.8,stronglyConnectedComponents.js,2,8,25,3,9,30,0,0,2,NaN,21,33,40.38
32.6,stronglyConnectedComponents.js,2,8,25,3,9,30,0,0,2,NaN,21,33,40.38
33.4,stronglyConnectedComponents.js,2,8,25,3,9,30,0,0,2,NaN,21,33,40.38
34.2,stronglyConnectedComponents.js,2,8,25,3,9,30,0,0,2,NaN,21,33,40.38
35,stronglyConnectedComponents.js,2,8,25,3,9,30,0,0,2,NaN,21,33,40.38
35.8,stronglyConnectedComponents.js,2,8,25,3,9,30,0,0,2,NaN,21,33,40.38
36.6,stronglyConnectedComponents.js,2,8,25,3,9,30,0,0,2,NaN,21,33,40.38
37.3,stronglyConnectedComponents.js,2,8,25,3,9,30,0,0,2,NaN,21,33,40.38
38.1,stronglyConnectedComponents.js,2,8,25,3,9,30,0,0,2,NaN,21,33,40.38
38.8,stronglyConnectedComponents.js,2,8,25,3,9,30,0,0,2,NaN,21,33,40.38
39.6,stronglyConnectedComponents.js,2,8,25,3,9,30,0,0,2,NaN,21,33,40.38
40.4,stronglyConnectedComponents.js,2,8,25,3,9,30,0,0,2,NaN,21,33,40.38
41.2,stronglyConnectedComponents.js,2,8,25,3,9,30,0,0,2,NaN,21,33,40.38
41.8,stronglyConnectedComponents.js,2,8,25,3,9,30,0,0,2,NaN,21,33,40.38
42.4,stronglyConnectedComponents.js,2,8,25,3,9,30,0,0,2,NaN,21,33,40.38
44.4,stronglyConnectedComponents.js,6,8,75,8,8,80,0,0,6,NaN,46,12,88.46
45,stronglyConnectedComponents.js,6,8,75,8,8,80,0,0,6,NaN,46,12,88.46
45.7,stronglyConnectedComponents.js,6,8,75,8,8,80,0,0,6,NaN,46,12,88.46
46.4,stronglyConnectedComponents.js,6,8,75,8,8,80,0,0,6,NaN,46,12,88.46
47.1,stronglyConnectedComponents.js,6,8,75,8,8,80,0,0,6,NaN,46,12,88.46
47.9,stronglyConnectedComponents.js,6,8,75,8,8,80,0,0,6,NaN,46,12,88.46
48.6,stronglyConnectedComponents.js,6,8,75,8,8,80,0,0,6,NaN,46,12,88.46
49.3,stronglyConnectedComponents.js,6,8,75,8,8,80,0,0,6,NaN,46,12,88.46
50.1,stronglyConnectedComponents.js,6,8,75,8,8,80,0,0,6,NaN,46,12,88.46
50.8,stronglyConnectedComponents.js,6,8,75,8,8,80,0,0,6,NaN,46,12,88.46
51.4,stronglyConnectedComponents.js,6,8,75,8,8,80,0,0,6,NaN,46,12,88.46
52,stronglyConnectedComponents.js,6,8,75,8,8,80,0,0,6,NaN,46,12,88.46
52.6,stronglyConnectedComponents.js,6,8,75,8,8,80,0,0,6,NaN,46,12,88.46
53.4,stronglyConnectedComponents.js,6,8,75,8,8,80,0,0,6,NaN,46,12,88.46
54.1,stronglyConnectedComponents.js,6,8,75,8,8,80,0,0,6,NaN,46,12,88.46
56.2,stronglyConnectedComponents.js,6,8,75,8,8,80,0,0,6,NaN,46,12,88.46
57,stronglyConnectedComponents.js,6,8,75,8,8,80,0,0,6,NaN,46,12,88.46
57.7,stronglyConnectedComponents.js,6,8,75,8,8,80,0,0,6,NaN,46,12,88.46
57.8,stronglyConnectedComponents.js,6,8,75,8,8,80,0,0,6,NaN,46,12,88.46
58.5,stronglyConnectedComponents.js,6,8,75,8,8,80,0,0,6,NaN,46,12,88.46
59.2,stronglyConnectedComponents.js,6,8,75,8,8,80,0,0,6,NaN,46,12,88.46
59.8,stronglyConnectedComponents.js,6,8,75,8,8,80,0,0,6,NaN,46,12,88.46
60.5,stronglyConnectedComponents.js,6,8,75,8,8,80,0,0,6,NaN,46,12,88.46
60.6,stronglyConnectedComponents.js,6,8,75,8,8,80,0,0,6,NaN,46,12,88.46
0,topologicalSort.js,0,0,NaN,0,0,NaN,0,0,0,NaN,0,0,NaN
0.5,topologicalSort.js,0,2,0,1,4,20,0,0,0,NaN,3,19,13.64
1.1,topologicalSort.js,0,2,0,1,4,20,0,0,0,NaN,3,19,13.64
1.6,topologicalSort.js,0,2,0,1,4,20,0,0,0,NaN,3,19,13.64
2.2,topologicalSort.js,0,2,0,1,4,20,0,0,0,NaN,3,19,13.64
2.9,topologicalSort.js,0,2,0,1,4,20,0,0,0,NaN,3,19,13.64
3.7,topologicalSort.js,0,2,0,1,4,20,0,0,0,NaN,3,19,13.64
4.4,topologicalSort.js,0,2,0,1,4,20,0,0,0,NaN,3,19,13.64
5.1,topologicalSort.js,0,2,0,1,4,20,0,0,0,NaN,3,19,13.64
5.8,topologicalSort.js,0,2,0,1,4,20,0,0,0,NaN,3,19,13.64
6.7,topologicalSort.js,0,2,0,1,4,20,0,0,0,NaN,3,19,13.64
7.4,topologicalSort.js,0,2,0,1,4,20,0,0,0,NaN,3,19,13.64
8.1,topologicalSort.js,0,2,0,1,4,20,0,0,0,NaN,3,19,13.64
8.8,topologicalSort.js,0,2,0,1,4,20,0,0,0,NaN,3,19,13.64
9.6,topologicalSort.js,0,2,0,1,4,20,0,0,0,NaN,3,19,13.64
10.3,topologicalSort.js,0,2,0,1,4,20,0,0,0,NaN,3,19,13.64
11.1,topologicalSort.js,0,2,0,1,4,20,0,0,0,NaN,3,19,13.64
11.9,topologicalSort.js,0,2,0,1,4,20,0,0,0,NaN,3,19,13.64
12.5,topologicalSort.js,0,2,0,1,4,20,0,0,0,NaN,3,19,13.64
13.2,topologicalSort.js,0,2,0,1,4,20,0,0,0,NaN,3,19,13.64
13.9,topologicalSort.js,0,2,0,1,4,20,0,0,0,NaN,3,19,13.64
14.6,topologicalSort.js,0,2,0,1,4,20,0,0,0,NaN,3,19,13.64
15.4,topologicalSort.js,0,2,0,1,4,20,0,0,0,NaN,3,19,13.64
17.5,topologicalSort.js,0,2,0,1,4,20,0,0,0,NaN,3,19,13.64
18.2,topologicalSort.js,0,2,0,1,4,20,0,0,0,NaN,3,19,13.64
19.1,topologicalSort.js,0,2,0,1,4,20,0,0,0,NaN,3,19,13.64
19.8,topologicalSort.js,0,2,0,1,4,20,0,0,0,NaN,3,19,13.64
20.6,topologicalSort.js,0,2,0,1,4,20,0,0,0,NaN,3,19,13.64
21.4,topologicalSort.js,0,2,0,1,4,20,0,0,0,NaN,3,19,13.64
22.1,topologicalSort.js,0,2,0,1,4,20,0,0,0,NaN,3,19,13.64
22.9,topologicalSort.js,0,2,0,1,4,20,0,0,0,NaN,3,19,13.64
23.7,topologicalSort.js,0,2,0,1,4,20,0,0,0,NaN,3,19,13.64
24.5,topologicalSort.js,0,2,0,1,4,20,0,0,0,NaN,3,19,13.64
25.1,topologicalSort.js,0,2,0,1,4,20,0,0,0,NaN,3,19,13.64
25.8,topologicalSort.js,0,2,0,1,4,20,0,0,0,NaN,3,19,13.64
26.6,topologicalSort.js,0,2,0,1,4,20,0,0,0,NaN,3,19,13.64
27.4,topologicalSort.js,0,2,0,1,4,20,0,0,0,NaN,3,19,13.64
28.2,topologicalSort.js,0,2,0,1,4,20,0,0,0,NaN,3,19,13.64
29,topologicalSort.js,0,2,0,1,4,20,0,0,0,NaN,3,19,13.64
29.8,topologicalSort.js,0,2,0,1,4,20,0,0,0,NaN,3,19,13.64
30.5,topologicalSort.js,0,2,0,1,4,20,0,0,0,NaN,3,19,13.64
31.3,topologicalSort.js,0,2,0,1,4,20,0,0,0,NaN,3,19,13.64
32.1,topologicalSort.js,0,2,0,1,4,20,0,0,0,NaN,3,19,13.64
32.8,topologicalSort.js,0,2,0,1,4,20,0,0,0,NaN,3,19,13.64
33.6,topologicalSort.js,0,2,0,1,4,20,0,0,0,NaN,3,19,13.64
34.4,topologicalSort.js,0,2,0,1,4,20,0,0,0,NaN,3,19,13.64
36.6,topologicalSort.js,0,2,0,1,4,20,0,0,0,NaN,3,19,13.64
37.6,topologicalSort.js,0,2,0,1,4,20,0,0,0,NaN,3,19,13.64
38.4,topologicalSort.js,0,2,0,1,4,20,0,0,0,NaN,3,19,13.64
39.1,topologicalSort.js,0,2,0,1,4,20,0,0,0,NaN,3,19,13.64
39.9,topologicalSort.js,0,2,0,1,4,20,0,0,0,NaN,3,19,13.64
40.7,topologicalSort.js,0,2,0,1,4,20,0,0,0,NaN,3,19,13.64
41.6,topologicalSort.js,0,2,0,1,4,20,0,0,0,NaN,3,19,13.64
42.4,topologicalSort.js,0,2,0,1,4,20,0,0,0,NaN,3,19,13.64
43.2,topologicalSort.js,0,2,0,1,4,20,0,0,0,NaN,3,19,13.64
43.9,topologicalSort.js,0,2,0,1,4,20,0,0,0,NaN,3,19,13.64
44.7,topologicalSort.js,0,2,0,1,4,20,0,0,0,NaN,3,19,13.64
45.4,topologicalSort.js,0,2,0,1,4,20,0,0,0,NaN,3,19,13.64
46.1,topologicalSort.js,0,2,0,1,4,20,0,0,0,NaN,3,19,13.64
46.9,topologicalSort.js,0,2,0,1,4,20,0,0,0,NaN,3,19,13.64
47.7,topologicalSort.js,0,2,0,1,4,20,0,0,0,NaN,3,19,13.64
48.5,topologicalSort.js,0,2,0,1,4,20,0,0,0,NaN,3,19,13.64
49.3,topologicalSort.js,0,2,0,1,4,20,0,0,0,NaN,3,19,13.64
50,topologicalSort.js,0,2,0,1,4,20,0,0,0,NaN,3,19,13.64
50.7,topologicalSort.js,0,2,0,1,4,20,0,0,0,NaN,3,19,13.64
51.5,topologicalSort.js,0,2,0,1,4,20,0,0,0,NaN,3,19,13.64
52.2,topologicalSort.js,0,2,0,1,4,20,0,0,0,NaN,3,19,13.64
54.3,topologicalSort.js,0,2,0,1,4,20,0,0,0,NaN,3,19,13.64
55.1,topologicalSort.js,0,2,0,1,4,20,0,0,0,NaN,3,19,13.64
55.7,topologicalSort.js,0,2,0,1,4,20,0,0,0,NaN,3,19,13.64
56.5,topologicalSort.js,0,2,0,1,4,20,0,0,0,NaN,3,19,13.64
57.3,topologicalSort.js,0,2,0,1,4,20,0,0,0,NaN,3,19,13.64
58.1,topologicalSort.js,0,2,0,1,4,20,0,0,0,NaN,3,19,13.64
58.9,topologicalSort.js,0,2,0,1,4,20,0,0,0,NaN,3,19,13.64
59.6,topologicalSort.js,0,2,0,1,4,20,0,0,0,NaN,3,19,13.64
60.5,topologicalSort.js,0,2,0,1,4,20,0,0,0,NaN,3,19,13.64
60.6,topologicalSort.js,0,2,0,1,4,20,0,0,0,NaN,3,19,13.64
0,bfTravellingSalesman.js,0,0,NaN,0,0,NaN,0,0,0,NaN,0,0,NaN
0.7,bfTravellingSalesman.js,1,12,8.33,3,4,50,0,0,1,NaN,11,48,18.97
1.3,bfTravellingSalesman.js,1,12,8.33,3,4,50,0,0,1,NaN,11,48,18.97
1.9,bfTravellingSalesman.js,1,12,8.33,3,4,50,0,0,1,NaN,11,48,18.97
2.5,bfTravellingSalesman.js,1,12,8.33,3,4,50,0,0,1,NaN,11,48,18.97
3.2,bfTravellingSalesman.js,1,12,8.33,3,4,50,0,0,1,NaN,11,48,18.97
3.8,bfTravellingSalesman.js,1,12,8.33,3,4,50,0,0,1,NaN,11,48,18.97
4.4,bfTravellingSalesman.js,1,12,8.33,3,4,50,0,0,1,NaN,11,48,18.97
5.2,bfTravellingSalesman.js,1,12,8.33,3,4,50,0,0,1,NaN,11,48,18.97
5.9,bfTravellingSalesman.js,1,12,8.33,3,4,50,0,0,1,NaN,11,48,18.97
6.7,bfTravellingSalesman.js,1,12,8.33,3,4,50,0,0,1,NaN,11,48,18.97
7.5,bfTravellingSalesman.js,1,12,8.33,3,4,50,0,0,1,NaN,11,48,18.97
8.3,bfTravellingSalesman.js,1,12,8.33,3,4,50,0,0,1,NaN,11,48,18.97
9.1,bfTravellingSalesman.js,1,12,8.33,3,4,50,0,0,1,NaN,11,48,18.97
9.9,bfTravellingSalesman.js,1,12,8.33,3,4,50,0,0,1,NaN,11,48,18.97
10.7,bfTravellingSalesman.js,1,12,8.33,3,4,50,0,0,1,NaN,11,48,18.97
11.4,bfTravellingSalesman.js,1,12,8.33,3,4,50,0,0,1,NaN,11,48,18.97
12,bfTravellingSalesman.js,1,12,8.33,3,4,50,0,0,1,NaN,11,48,18.97
12.6,bfTravellingSalesman.js,1,12,8.33,3,4,50,0,0,1,NaN,11,48,18.97
13.3,bfTravellingSalesman.js,1,12,8.33,3,4,50,0,0,1,NaN,11,48,18.97
14,bfTravellingSalesman.js,1,12,8.33,3,4,50,0,0,1,NaN,11,48,18.97
16.4,bfTravellingSalesman.js,1,12,8.33,3,4,50,0,0,1,NaN,11,48,18.97
17.3,bfTravellingSalesman.js,1,12,8.33,3,4,50,0,0,1,NaN,11,48,18.97
18.1,bfTravellingSalesman.js,1,12,8.33,3,4,50,0,0,1,NaN,11,48,18.97
18.8,bfTravellingSalesman.js,1,12,8.33,3,4,50,0,0,1,NaN,11,48,18.97
19.6,bfTravellingSalesman.js,1,12,8.33,3,4,50,0,0,1,NaN,11,48,18.97
20.5,bfTravellingSalesman.js,1,12,8.33,3,4,50,0,0,1,NaN,11,48,18.97
21.1,bfTravellingSalesman.js,1,12,8.33,3,4,50,0,0,1,NaN,11,48,18.97
23.3,bfTravellingSalesman.js,1,12,8.33,3,4,50,0,0,1,NaN,11,48,18.97
24.2,bfTravellingSalesman.js,1,12,8.33,3,4,50,0,0,1,NaN,13,46,22.41
25,bfTravellingSalesman.js,1,12,8.33,3,4,50,0,0,1,NaN,13,46,22.41
25.8,bfTravellingSalesman.js,1,12,8.33,3,4,50,0,0,1,NaN,13,46,22.41
26.6,bfTravellingSalesman.js,1,12,8.33,3,4,50,0,0,1,NaN,13,46,22.41
27.3,bfTravellingSalesman.js,1,12,8.33,3,4,50,0,0,1,NaN,13,46,22.41
28.1,bfTravellingSalesman.js,1,12,8.33,3,4,50,0,0,1,NaN,13,46,22.41
28.9,bfTravellingSalesman.js,1,12,8.33,3,4,50,0,0,1,NaN,13,46,22.41
29.7,bfTravellingSalesman.js,1,12,8.33,3,4,50,0,0,1,NaN,13,46,22.41
30.3,bfTravellingSalesman.js,1,12,8.33,3,4,50,0,0,1,NaN,13,46,22.41
31.1,bfTravellingSalesman.js,1,12,8.33,3,4,50,0,0,1,NaN,13,46,22.41
32.3,bfTravellingSalesman.js,1,12,8.33,3,4,50,0,0,1,NaN,13,46,22.41
32.4,bfTravellingSalesman.js,1,12,8.33,3,4,50,0,0,1,NaN,13,46,22.41
34.1,bfTravellingSalesman.js,1,12,8.33,3,4,50,0,0,1,NaN,13,46,22.41
34.8,bfTravellingSalesman.js,1,12,8.33,3,4,50,0,0,1,NaN,13,46,22.41
35.6,bfTravellingSalesman.js,1,12,8.33,3,4,50,0,0,1,NaN,13,46,22.41
36.6,bfTravellingSalesman.js,1,12,8.33,3,4,50,0,0,1,NaN,13,46,22.41
37.2,bfTravellingSalesman.js,1,12,8.33,3,4,50,0,0,1,NaN,13,46,22.41
37.9,bfTravellingSalesman.js,1,12,8.33,3,4,50,0,0,1,NaN,13,46,22.41
38.9,bfTravellingSalesman.js,1,12,8.33,3,4,50,0,0,1,NaN,13,46,22.41
39.7,bfTravellingSalesman.js,1,12,8.33,3,4,50,0,0,1,NaN,13,46,22.41
39.8,bfTravellingSalesman.js,1,12,8.33,3,4,50,0,0,1,NaN,13,46,22.41
40.6,bfTravellingSalesman.js,1,12,8.33,3,4,50,0,0,1,NaN,13,46,22.41
41.4,bfTravellingSalesman.js,1,12,8.33,3,4,50,0,0,1,NaN,13,46,22.41
42.3,bfTravellingSalesman.js,1,12,8.33,3,4,50,0,0,1,NaN,13,46,22.41
43.1,bfTravellingSalesman.js,1,12,8.33,3,4,50,0,0,1,NaN,13,46,22.41
43.9,bfTravellingSalesman.js,1,12,8.33,3,4,50,0,0,1,NaN,13,46,22.41
44.7,bfTravellingSalesman.js,1,12,8.33,3,4,50,0,0,1,NaN,13,46,22.41
45.5,bfTravellingSalesman.js,1,12,8.33,3,4,50,0,0,1,NaN,13,46,22.41
46.2,bfTravellingSalesman.js,1,12,8.33,3,4,50,0,0,1,NaN,13,46,22.41
47.1,bfTravellingSalesman.js,1,12,8.33,3,4,50,0,0,1,NaN,13,46,22.41
47.9,bfTravellingSalesman.js,1,12,8.33,3,4,50,0,0,1,NaN,13,46,22.41
48.8,bfTravellingSalesman.js,1,12,8.33,3,4,50,0,0,1,NaN,13,46,22.41
49.6,bfTravellingSalesman.js,1,12,8.33,3,4,50,0,0,1,NaN,13,46,22.41
50.5,bfTravellingSalesman.js,1,12,8.33,3,4,50,0,0,1,NaN,13,46,22.41
51.3,bfTravellingSalesman.js,3,12,25,4,5,66.67,0,0,3,NaN,29,32,50
52,bfTravellingSalesman.js,3,12,25,4,5,66.67,0,0,3,NaN,29,32,50
52.8,bfTravellingSalesman.js,3,12,25,4,5,66.67,0,0,3,NaN,29,32,50
53.6,bfTravellingSalesman.js,3,12,25,4,5,66.67,0,0,3,NaN,29,32,50
54.3,bfTravellingSalesman.js,3,12,25,4,5,66.67,0,0,3,NaN,29,32,50
55.1,bfTravellingSalesman.js,3,12,25,4,5,66.67,0,0,3,NaN,29,32,50
55.8,bfTravellingSalesman.js,3,12,25,4,5,66.67,0,0,3,NaN,29,32,50
56.6,bfTravellingSalesman.js,3,12,25,4,5,66.67,0,0,3,NaN,29,32,50
58.9,bfTravellingSalesman.js,3,12,25,4,5,66.67,0,0,3,NaN,29,32,50
59.8,bfTravellingSalesman.js,3,12,25,4,5,66.67,0,0,3,NaN,29,32,50
60.6,bfTravellingSalesman.js,3,12,25,4,5,66.67,0,0,3,NaN,29,32,50
60.7,bfTravellingSalesman.js,3,12,25,4,5,66.67,0,0,3,NaN,29,32,50
